#Stroke 0
467.753532517 233.445631275 0.0
467.753532517 233.445631275 0.0
467.753532517 233.445631275 0.0
467.753532517 234.471053194 0.0
467.753532517 235.464430677 0.0
467.753532517 236.457808161 0.0
467.753532517 238.444563128 0.0
467.753532517 241.456740013 0.0
467.753532517 243.475539415 0.0
467.753532517 246.455671865 0.0
467.753532517 250.461226234 0.0
467.753532517 254.466780602 0.0
467.753532517 259.465712455 0.0
468.747215186 265.490066225 0.0
468.747215186 272.507797479 0.0
468.747215186 280.486861782 0.0
469.740897855 287.504593036 0.0
469.740897855 296.509079257 0.0
469.740897855 305.513565477 0.0
469.740897855 315.543473617 0.0
470.734580523 326.534714805 0.0
470.734580523 337.558000427 0.0
471.728263192 349.574663533 0.0
472.721945860 361.591326640 0.0
472.721945860 374.601367229 0.0
473.715628529 386.618030335 0.0
474.709311197 399.628070925 0.0
474.709311197 411.612689596 0.0
475.702993866 424.654774621 0.0
476.696676534 436.639393292 0.0
476.696676534 448.656056398 0.0
477.690359203 461.666096988 0.0
478.684041871 473.682760094 0.0
478.684041871 485.699423200 0.0
479.677724540 497.716086306 0.0
480.671407208 508.707327494 0.0
480.671407208 519.730613117 0.0
481.755424665 529.728476821 0.0
481.755424665 539.758384960 0.0
481.755424665 547.769493698 0.0
482.749107334 556.773979919 0.0
482.749107334 563.759666738 0.0
483.742790002 571.770775475 0.0
483.742790002 577.795129246 0.0
483.742790002 583.787438582 0.0
483.742790002 588.786370434 0.0
483.742790002 593.817346721 0.0
483.742790002 597.822901090 0.0
483.742790002 601.796411023 0.0
483.742790002 604.808587909 0.0
483.742790002 607.820764794 0.0
482.749107334 609.807519761 0.0
482.749107334 610.832941679 0.0
482.749107334 611.826319163 0.0
481.755424665 612.819696646 0.0
481.755424665 613.813074129 0.0
480.671407208 613.813074129 0.0
479.677724540 613.813074129 0.0
478.684041871 612.819696646 0.0
476.696676534 610.832941679 0.0
475.702993866 608.814142277 0.0
473.715628529 606.827387310 0.0
471.728263192 603.815210425 0.0
469.740897855 600.803033540 0.0
468.747215186 598.816278573 0.0
467.753532517 596.797479171 0.0
466.669515061 595.804101688 0.0
465.675832392 595.804101688 0.0
465.675832392 595.804101688 0.0
465.675832392 595.804101688 0.0
465.675832392 596.797479171 0.0
466.669515061 598.816278573 0.0
467.753532517 601.796411023 0.0
468.747215186 604.808587909 0.0
469.740897855 607.820764794 0.0
471.728263192 610.832941679 0.0
472.721945860 613.813074129 0.0
473.715628529 615.831873531 0.0
475.702993866 617.818628498 0.0
476.696676534 619.837427900 0.0
478.684041871 620.830805383 0.0
479.677724540 621.824182867 0.0
480.671407208 622.817560350 0.0
482.749107334 622.817560350 0.0
483.742790002 622.817560350 0.0
484.736472671 620.830805383 0.0
486.723838008 618.844050417 0.0
487.717520676 616.825251015 0.0
488.711203345 613.813074129 0.0
489.704886013 609.807519761 0.0
490.698568682 605.801965392 0.0
490.698568682 602.821832942 0.0
491.692251350 599.809656056 0.0
491.692251350 596.797479171 0.0
492.685934019 594.810724204 0.0
492.685934019 592.791924802 0.0
#ENDStroke
#Stroke 1
469.740897855 220.435590686 0.0
470.734580523 220.435590686 0.0
471.728263192 220.435590686 0.0
472.721945860 220.435590686 0.0
473.715628529 220.435590686 0.0
474.709311197 220.435590686 0.0
475.702993866 221.428968169 0.0
477.690359203 221.428968169 0.0
479.677724540 221.428968169 0.0
482.749107334 221.428968169 0.0
484.736472671 221.428968169 0.0
487.717520676 222.454390088 0.0
490.698568682 222.454390088 0.0
494.763634144 222.454390088 0.0
498.738364818 222.454390088 0.0
501.719412824 222.454390088 0.0
506.687826167 222.454390088 0.0
510.752891629 222.454390088 0.0
514.727622303 222.454390088 0.0
519.696035646 221.428968169 0.0
525.748466445 221.428968169 0.0
531.710562456 221.428968169 0.0
537.762993255 221.428968169 0.0
544.718771935 221.428968169 0.0
551.764885403 221.428968169 0.0
558.720664083 221.428968169 0.0
564.773094882 220.435590686 0.0
571.728873562 219.442213202 0.0
579.768669698 219.442213202 0.0
587.718131046 218.448835719 0.0
595.757927183 217.455458235 0.0
603.797723319 216.430036317 0.0
610.753501999 215.436658834 0.0
618.793298135 214.443281350 0.0
627.736442152 213.449903867 0.0
636.769920957 212.424481948 0.0
645.803399762 211.431104465 0.0
653.752861110 210.437726981 0.0
662.786339915 209.444349498 0.0
671.819818720 209.444349498 0.0
679.769280068 207.425550096 0.0
688.802758873 206.432172613 0.0
697.836237678 205.438795129 0.0
705.785699026 204.413373211 0.0
714.819177831 203.419995727 0.0
722.768639180 203.419995727 0.0
731.802117985 202.426618244 0.0
739.841914121 201.433240761 0.0
748.785058138 200.407818842 0.0
756.824854274 199.414441359 0.0
763.780632954 199.414441359 0.0
771.820429090 199.414441359 0.0
779.860225227 198.421063875 0.0
786.816003906 198.421063875 0.0
794.855800043 198.421063875 0.0
801.811578722 198.421063875 0.0
807.864009522 198.421063875 0.0
813.826105533 198.421063875 0.0
818.794518876 197.427686392 0.0
824.846949675 197.427686392 0.0
829.815363018 197.427686392 0.0
834.874111148 197.427686392 0.0
838.848841823 197.427686392 0.0
842.823572497 197.427686392 0.0
845.804620502 197.427686392 0.0
848.876003296 197.427686392 0.0
850.863368633 197.427686392 0.0
851.857051302 197.427686392 0.0
851.857051302 197.427686392 0.0
851.857051302 197.427686392 0.0
851.857051302 197.427686392 0.0
851.857051302 197.427686392 0.0
850.863368633 198.421063875 0.0
848.876003296 198.421063875 0.0
846.888637959 199.414441359 0.0
843.817255165 200.407818842 0.0
840.836207160 202.426618244 0.0
837.855159154 203.419995727 0.0
833.880428480 205.438795129 0.0
830.809045686 206.432172613 0.0
826.834315012 208.418927580 0.0
824.846949675 209.444349498 0.0
821.865901669 211.431104465 0.0
820.872219001 212.424481948 0.0
819.878536332 213.449903867 0.0
818.794518876 213.449903867 0.0
818.794518876 213.449903867 0.0
818.794518876 214.443281350 0.0
819.878536332 214.443281350 0.0
821.865901669 214.443281350 0.0
822.859584338 214.443281350 0.0
824.846949675 213.449903867 0.0
827.827997681 213.449903867 0.0
829.815363018 212.424481948 0.0
832.796411023 212.424481948 0.0
835.867793817 211.431104465 0.0
838.848841823 211.431104465 0.0
841.829889828 210.437726981 0.0
844.810937834 209.444349498 0.0
847.882320627 209.444349498 0.0
849.869685965 208.418927580 0.0
851.857051302 208.418927580 0.0
852.850733970 208.418927580 0.0
854.838099307 207.425550096 0.0
855.831781976 207.425550096 0.0
856.825464644 206.432172613 0.0
856.825464644 205.438795129 0.0
856.825464644 204.413373211 0.0
856.825464644 204.413373211 0.0
856.825464644 203.419995727 0.0
856.825464644 202.426618244 0.0
856.825464644 202.426618244 0.0
855.831781976 201.433240761 0.0
855.831781976 200.407818842 0.0
854.838099307 199.414441359 0.0
852.850733970 198.421063875 0.0
851.857051302 197.427686392 0.0
849.869685965 195.408886990 0.0
846.888637959 194.415509507 0.0
843.817255165 192.428754540 0.0
839.842524491 190.409955138 0.0
835.867793817 187.397778253 0.0
831.802728355 185.411023286 0.0
827.827997681 183.392223884 0.0
824.846949675 181.405468917 0.0
#ENDStroke
#Stroke 2
686.815393536 144.362102115 0.0
686.815393536 145.355479598 0.0
686.815393536 145.355479598 0.0
685.821710868 146.380901517 0.0
685.821710868 146.380901517 0.0
684.828028199 147.374279000 0.0
683.744010743 147.374279000 0.0
683.744010743 148.367656484 0.0
682.750328074 148.367656484 0.0
681.756645405 148.367656484 0.0
680.762962737 148.367656484 0.0
679.769280068 148.367656484 0.0
678.775597400 147.374279000 0.0
677.781914731 146.380901517 0.0
676.788232063 144.362102115 0.0
676.788232063 142.375347148 0.0
675.794549394 140.356547746 0.0
675.794549394 137.376415296 0.0
675.794549394 134.364238411 0.0
675.794549394 131.352061525 0.0
676.788232063 128.339884640 0.0
677.781914731 126.353129673 0.0
679.769280068 124.334330271 0.0
681.756645405 123.340952788 0.0
684.828028199 122.347575304 0.0
686.815393536 121.354197821 0.0
688.802758873 120.360820338 0.0
690.790124210 119.335398419 0.0
692.777489547 119.335398419 0.0
694.764854884 120.360820338 0.0
695.758537553 121.354197821 0.0
697.836237678 123.340952788 0.0
699.823603015 125.359752190 0.0
#ENDStroke
#Stroke 3
342.639851070 390.623584704 0.0
341.646168401 389.598162786 0.0
340.652485733 389.598162786 0.0
340.652485733 389.598162786 0.0
339.658803064 389.598162786 0.0
339.658803064 388.604785302 0.0
339.658803064 387.611407819 0.0
339.658803064 386.618030335 0.0
340.652485733 384.599230934 0.0
340.652485733 382.612475967 0.0
341.646168401 379.600299081 0.0
341.646168401 377.581499680 0.0
342.639851070 375.594744713 0.0
343.633533738 373.575945311 0.0
343.633533738 371.589190344 0.0
343.633533738 370.595812861 0.0
344.627216407 370.595812861 0.0
344.627216407 370.595812861 0.0
344.627216407 370.595812861 0.0
344.627216407 371.589190344 0.0
343.633533738 372.582567827 0.0
343.633533738 373.575945311 0.0
342.639851070 376.588122196 0.0
341.646168401 378.606921598 0.0
340.652485733 381.587054048 0.0
339.658803064 384.599230934 0.0
338.665120396 387.611407819 0.0
337.671437727 390.623584704 0.0
336.677755058 392.610339671 0.0
335.684072390 395.622516556 0.0
335.684072390 397.609271523 0.0
336.677755058 399.628070925 0.0
336.677755058 400.621448408 0.0
337.671437727 401.614825892 0.0
339.658803064 402.608203375 0.0
341.646168401 403.633625294 0.0
343.633533738 403.633625294 0.0
346.704916532 403.633625294 0.0
348.692281869 402.608203375 0.0
349.685964537 400.621448408 0.0
351.673329875 398.602649007 0.0
352.667012543 396.615894040 0.0
353.660695212 394.597094638 0.0
353.660695212 391.616962188 0.0
353.660695212 389.598162786 0.0
353.660695212 388.604785302 0.0
352.667012543 386.618030335 0.0
352.667012543 385.592608417 0.0
351.673329875 384.599230934 0.0
350.679647206 383.605853450 0.0
349.685964537 383.605853450 0.0
349.685964537 382.612475967 0.0
348.692281869 382.612475967 0.0
348.692281869 382.612475967 0.0
348.692281869 382.612475967 0.0
348.692281869 382.612475967 0.0
348.692281869 382.612475967 0.0
349.685964537 381.587054048 0.0
351.673329875 381.587054048 0.0
353.660695212 379.600299081 0.0
355.648060549 378.606921598 0.0
357.635425886 377.581499680 0.0
360.706808679 376.588122196 0.0
362.694174017 374.601367229 0.0
364.681539354 373.575945311 0.0
367.662587359 372.582567827 0.0
369.649952696 372.582567827 0.0
#ENDStroke
#Stroke 4
677.781914731 196.434308908 0.0
676.788232063 195.408886990 0.0
676.788232063 194.415509507 0.0
675.794549394 194.415509507 0.0
674.800866726 194.415509507 0.0
674.800866726 194.415509507 0.0
674.800866726 196.434308908 0.0
673.807184057 198.421063875 0.0
673.807184057 200.407818842 0.0
673.807184057 204.413373211 0.0
673.807184057 208.418927580 0.0
674.800866726 212.424481948 0.0
674.800866726 217.455458235 0.0
675.794549394 221.428968169 0.0
675.794549394 224.441145054 0.0
675.794549394 227.453321940 0.0
675.794549394 230.465498825 0.0
675.794549394 231.458876308 0.0
675.794549394 232.452253792 0.0
675.794549394 233.445631275 0.0
675.794549394 233.445631275 0.0
675.794549394 233.445631275 0.0
675.794549394 232.452253792 0.0
675.794549394 231.458876308 0.0
675.794549394 231.458876308 0.0
675.794549394 230.465498825 0.0
675.794549394 229.440076907 0.0
676.788232063 229.440076907 0.0
678.775597400 229.440076907 0.0
680.762962737 230.465498825 0.0
683.744010743 231.458876308 0.0
687.809076205 232.452253792 0.0
690.790124210 233.445631275 0.0
694.764854884 235.464430677 0.0
697.836237678 235.464430677 0.0
700.817285684 236.457808161 0.0
703.798333689 236.457808161 0.0
705.785699026 236.457808161 0.0
707.773064364 236.457808161 0.0
708.766747032 235.464430677 0.0
709.760429701 234.471053194 0.0
710.754112369 232.452253792 0.0
711.838129826 230.465498825 0.0
712.831812494 226.459944456 0.0
713.825495163 222.454390088 0.0
714.819177831 217.455458235 0.0
714.819177831 211.431104465 0.0
714.819177831 205.438795129 0.0
715.812860500 198.421063875 0.0
715.812860500 191.403332621 0.0
715.812860500 186.404400769 0.0
715.812860500 182.398846400 0.0
716.806543168 180.412091433 0.0
716.806543168 180.412091433 0.0
#ENDStroke
#Remove 4
#Remove 2
#Remove 3
#Stroke 5
676.788232063 122.347575304 0.0
676.788232063 121.354197821 0.0
676.788232063 121.354197821 0.0
676.788232063 121.354197821 0.0
676.788232063 122.347575304 0.0
676.788232063 123.340952788 0.0
675.794549394 125.359752190 0.0
675.794549394 127.346507157 0.0
675.794549394 129.365306558 0.0
675.794549394 132.345439009 0.0
675.794549394 135.357615894 0.0
675.794549394 138.369792779 0.0
674.800866726 141.381969665 0.0
674.800866726 143.368724631 0.0
674.800866726 147.374279000 0.0
674.800866726 150.386455885 0.0
673.807184057 153.366588336 0.0
673.807184057 155.385387738 0.0
673.807184057 156.378765221 0.0
674.800866726 157.372142705 0.0
674.800866726 157.372142705 0.0
674.800866726 157.372142705 0.0
674.800866726 157.372142705 0.0
675.794549394 157.372142705 0.0
675.794549394 156.378765221 0.0
676.788232063 155.385387738 0.0
677.781914731 155.385387738 0.0
678.775597400 155.385387738 0.0
679.769280068 155.385387738 0.0
680.762962737 155.385387738 0.0
681.756645405 155.385387738 0.0
683.744010743 155.385387738 0.0
684.828028199 155.385387738 0.0
685.821710868 156.378765221 0.0
686.815393536 156.378765221 0.0
687.809076205 156.378765221 0.0
687.809076205 156.378765221 0.0
688.802758873 155.385387738 0.0
688.802758873 155.385387738 0.0
689.796441542 155.385387738 0.0
689.796441542 155.385387738 0.0
689.796441542 154.392010254 0.0
689.796441542 153.366588336 0.0
#ENDStroke
#Stroke 6
677.781914731 139.363170263 0.0
676.788232063 137.376415296 0.0
676.788232063 137.376415296 0.0
676.788232063 137.376415296 0.0
676.788232063 137.376415296 0.0
676.788232063 137.376415296 0.0
676.788232063 137.376415296 0.0
676.788232063 137.376415296 0.0
677.781914731 137.376415296 0.0
678.775597400 138.369792779 0.0
679.769280068 138.369792779 0.0
681.756645405 138.369792779 0.0
682.750328074 138.369792779 0.0
683.744010743 138.369792779 0.0
685.821710868 139.363170263 0.0
686.815393536 139.363170263 0.0
687.809076205 139.363170263 0.0
688.802758873 139.363170263 0.0
689.796441542 139.363170263 0.0
690.790124210 139.363170263 0.0
#ENDStroke
#Stroke 7
699.823603015 131.352061525 0.0
698.829920347 130.358684042 0.0
698.829920347 129.365306558 0.0
697.836237678 129.365306558 0.0
697.836237678 129.365306558 0.0
697.836237678 129.365306558 0.0
697.836237678 129.365306558 0.0
697.836237678 129.365306558 0.0
698.829920347 129.365306558 0.0
699.823603015 129.365306558 0.0
701.810968352 128.339884640 0.0
703.798333689 128.339884640 0.0
705.785699026 128.339884640 0.0
706.779381695 128.339884640 0.0
708.766747032 128.339884640 0.0
709.760429701 129.365306558 0.0
710.754112369 129.365306558 0.0
711.838129826 130.358684042 0.0
711.838129826 132.345439009 0.0
711.838129826 133.370860927 0.0
711.838129826 134.364238411 0.0
711.838129826 135.357615894 0.0
711.838129826 136.350993377 0.0
711.838129826 137.376415296 0.0
710.754112369 138.369792779 0.0
709.760429701 138.369792779 0.0
708.766747032 139.363170263 0.0
707.773064364 139.363170263 0.0
705.785699026 139.363170263 0.0
704.792016358 139.363170263 0.0
703.798333689 138.369792779 0.0
702.804651021 137.376415296 0.0
701.810968352 135.357615894 0.0
700.817285684 133.370860927 0.0
700.817285684 131.352061525 0.0
699.823603015 128.339884640 0.0
699.823603015 126.353129673 0.0
699.823603015 124.334330271 0.0
700.817285684 122.347575304 0.0
701.810968352 121.354197821 0.0
702.804651021 119.335398419 0.0
703.798333689 118.342020936 0.0
705.785699026 118.342020936 0.0
706.779381695 118.342020936 0.0
708.766747032 118.342020936 0.0
710.754112369 118.342020936 0.0
712.831812494 119.335398419 0.0
714.819177831 121.354197821 0.0
716.806543168 123.340952788 0.0
#ENDStroke
#Stroke 8
732.795800653 131.352061525 0.0
732.795800653 131.352061525 0.0
732.795800653 131.352061525 0.0
731.802117985 131.352061525 0.0
731.802117985 132.345439009 0.0
731.802117985 132.345439009 0.0
730.808435316 132.345439009 0.0
730.808435316 133.370860927 0.0
729.814752647 133.370860927 0.0
728.821069979 133.370860927 0.0
727.827387310 133.370860927 0.0
726.833704642 132.345439009 0.0
725.840021973 132.345439009 0.0
724.846339305 131.352061525 0.0
723.762321848 129.365306558 0.0
722.768639180 128.339884640 0.0
721.774956511 125.359752190 0.0
721.774956511 123.340952788 0.0
720.781273843 121.354197821 0.0
720.781273843 119.335398419 0.0
720.781273843 118.342020936 0.0
721.774956511 117.348643452 0.0
721.774956511 117.348643452 0.0
722.768639180 117.348643452 0.0
723.762321848 117.348643452 0.0
724.846339305 118.342020936 0.0
725.840021973 119.335398419 0.0
725.840021973 121.354197821 0.0
726.833704642 123.340952788 0.0
727.827387310 125.359752190 0.0
727.827387310 127.346507157 0.0
728.821069979 128.339884640 0.0
728.821069979 129.365306558 0.0
728.821069979 130.358684042 0.0
728.821069979 131.352061525 0.0
728.821069979 131.352061525 0.0
728.821069979 131.352061525 0.0
729.814752647 131.352061525 0.0
729.814752647 131.352061525 0.0
729.814752647 129.365306558 0.0
730.808435316 128.339884640 0.0
730.808435316 126.353129673 0.0
731.802117985 124.334330271 0.0
732.795800653 122.347575304 0.0
733.789483322 121.354197821 0.0
733.789483322 119.335398419 0.0
734.783165990 118.342020936 0.0
#ENDStroke
#Stroke 9
748.785058138 167.402050844 0.0
748.785058138 166.376628925 0.0
748.785058138 166.376628925 0.0
748.785058138 165.383251442 0.0
748.785058138 165.383251442 0.0
749.778740806 164.389873959 0.0
749.778740806 162.371074557 0.0
749.778740806 161.377697073 0.0
749.778740806 159.390942106 0.0
749.778740806 156.378765221 0.0
749.778740806 154.392010254 0.0
748.785058138 151.379833369 0.0
748.785058138 148.367656484 0.0
748.785058138 145.355479598 0.0
748.785058138 142.375347148 0.0
748.785058138 139.363170263 0.0
747.791375469 136.350993377 0.0
747.791375469 134.364238411 0.0
747.791375469 131.352061525 0.0
747.791375469 129.365306558 0.0
747.791375469 127.346507157 0.0
747.791375469 126.353129673 0.0
747.791375469 125.359752190 0.0
748.785058138 124.334330271 0.0
748.785058138 123.340952788 0.0
749.778740806 123.340952788 0.0
750.772423475 123.340952788 0.0
751.856440931 123.340952788 0.0
752.850123600 123.340952788 0.0
754.837488937 123.340952788 0.0
755.831171606 124.334330271 0.0
757.818536943 124.334330271 0.0
758.812219611 125.359752190 0.0
#ENDStroke
#Stroke 10
741.829279458 147.374279000 0.0
741.829279458 146.380901517 0.0
741.829279458 146.380901517 0.0
742.822962127 146.380901517 0.0
742.822962127 145.355479598 0.0
744.810327464 145.355479598 0.0
745.804010132 145.355479598 0.0
747.791375469 145.355479598 0.0
749.778740806 145.355479598 0.0
751.856440931 146.380901517 0.0
753.843806269 146.380901517 0.0
755.831171606 146.380901517 0.0
757.818536943 147.374279000 0.0
759.805902280 147.374279000 0.0
#ENDStroke
#Stroke 11
770.826746422 139.363170263 0.0
770.826746422 141.381969665 0.0
770.826746422 142.375347148 0.0
769.833063753 142.375347148 0.0
769.833063753 142.375347148 0.0
769.833063753 142.375347148 0.0
768.839381085 142.375347148 0.0
768.839381085 141.381969665 0.0
768.839381085 140.356547746 0.0
769.833063753 139.363170263 0.0
769.833063753 137.376415296 0.0
770.826746422 135.357615894 0.0
770.826746422 133.370860927 0.0
771.820429090 131.352061525 0.0
772.814111759 129.365306558 0.0
773.807794427 127.346507157 0.0
773.807794427 126.353129673 0.0
774.801477096 126.353129673 0.0
775.795159764 125.359752190 0.0
776.788842433 125.359752190 0.0
776.788842433 125.359752190 0.0
777.782525101 126.353129673 0.0
778.866542558 126.353129673 0.0
778.866542558 127.346507157 0.0
779.860225227 128.339884640 0.0
779.860225227 130.358684042 0.0
779.860225227 131.352061525 0.0
779.860225227 133.370860927 0.0
779.860225227 134.364238411 0.0
779.860225227 135.357615894 0.0
779.860225227 136.350993377 0.0
778.866542558 137.376415296 0.0
778.866542558 138.369792779 0.0
778.866542558 138.369792779 0.0
778.866542558 139.363170263 0.0
#ENDStroke
#Stroke 12
792.868434706 123.340952788 0.0
792.868434706 123.340952788 0.0
792.868434706 123.340952788 0.0
791.784417249 123.340952788 0.0
791.784417249 123.340952788 0.0
790.790734581 124.334330271 0.0
790.790734581 125.359752190 0.0
789.797051912 126.353129673 0.0
788.803369243 128.339884640 0.0
788.803369243 129.365306558 0.0
787.809686575 131.352061525 0.0
786.816003906 133.370860927 0.0
786.816003906 135.357615894 0.0
786.816003906 137.376415296 0.0
785.822321238 138.369792779 0.0
785.822321238 139.363170263 0.0
785.822321238 140.356547746 0.0
786.816003906 140.356547746 0.0
786.816003906 141.381969665 0.0
787.809686575 141.381969665 0.0
788.803369243 142.375347148 0.0
789.797051912 143.368724631 0.0
791.784417249 143.368724631 0.0
792.868434706 143.368724631 0.0
794.855800043 143.368724631 0.0
795.849482711 143.368724631 0.0
#ENDStroke
#Stroke 13
806.870326853 137.376415296 0.0
807.864009522 136.350993377 0.0
808.857692190 135.357615894 0.0
809.851374859 135.357615894 0.0
810.845057527 134.364238411 0.0
811.838740196 134.364238411 0.0
812.832422864 134.364238411 0.0
813.826105533 134.364238411 0.0
814.819788202 134.364238411 0.0
815.813470870 135.357615894 0.0
816.807153539 135.357615894 0.0
816.807153539 136.350993377 0.0
817.800836207 137.376415296 0.0
817.800836207 138.369792779 0.0
817.800836207 139.363170263 0.0
817.800836207 140.356547746 0.0
817.800836207 142.375347148 0.0
817.800836207 143.368724631 0.0
816.807153539 144.362102115 0.0
816.807153539 144.362102115 0.0
815.813470870 145.355479598 0.0
814.819788202 145.355479598 0.0
814.819788202 145.355479598 0.0
813.826105533 144.362102115 0.0
812.832422864 143.368724631 0.0
812.832422864 141.381969665 0.0
811.838740196 139.363170263 0.0
811.838740196 136.350993377 0.0
811.838740196 134.364238411 0.0
811.838740196 131.352061525 0.0
811.838740196 128.339884640 0.0
812.832422864 126.353129673 0.0
813.826105533 124.334330271 0.0
815.813470870 123.340952788 0.0
817.800836207 123.340952788 0.0
820.872219001 124.334330271 0.0
822.859584338 125.359752190 0.0
825.840632344 126.353129673 0.0
828.821680349 128.339884640 0.0
832.796411023 131.352061525 0.0
835.867793817 134.364238411 0.0
#ENDStroke
#Stroke 14
346.704916532 398.602649007 0.0
346.704916532 398.602649007 0.0
345.711233863 398.602649007 0.0
344.627216407 399.628070925 0.0
344.627216407 399.628070925 0.0
343.633533738 399.628070925 0.0
342.639851070 399.628070925 0.0
340.652485733 400.621448408 0.0
339.658803064 400.621448408 0.0
337.671437727 400.621448408 0.0
336.677755058 400.621448408 0.0
334.690389721 400.621448408 0.0
332.703024384 400.621448408 0.0
331.619006928 400.621448408 0.0
329.631641591 400.621448408 0.0
328.637958922 400.621448408 0.0
328.637958922 400.621448408 0.0
327.644276254 400.621448408 0.0
327.644276254 400.621448408 0.0
327.644276254 400.621448408 0.0
327.644276254 400.621448408 0.0
327.644276254 400.621448408 0.0
327.644276254 400.621448408 0.0
328.637958922 400.621448408 0.0
328.637958922 399.628070925 0.0
329.631641591 398.602649007 0.0
330.625324259 398.602649007 0.0
331.619006928 397.609271523 0.0
332.703024384 396.615894040 0.0
332.703024384 394.597094638 0.0
333.696707053 392.610339671 0.0
333.696707053 390.623584704 0.0
333.696707053 388.604785302 0.0
334.690389721 385.592608417 0.0
334.690389721 383.605853450 0.0
334.690389721 380.593676565 0.0
334.690389721 378.606921598 0.0
333.696707053 375.594744713 0.0
333.696707053 373.575945311 0.0
332.703024384 371.589190344 0.0
332.703024384 370.595812861 0.0
332.703024384 369.602435377 0.0
332.703024384 369.602435377 0.0
332.703024384 369.602435377 0.0
332.703024384 368.577013459 0.0
332.703024384 368.577013459 0.0
332.703024384 368.577013459 0.0
333.696707053 368.577013459 0.0
333.696707053 368.577013459 0.0
334.690389721 367.583635975 0.0
335.684072390 367.583635975 0.0
337.671437727 367.583635975 0.0
338.665120396 367.583635975 0.0
340.652485733 366.590258492 0.0
342.639851070 366.590258492 0.0
345.711233863 367.583635975 0.0
347.698599200 367.583635975 0.0
349.685964537 367.583635975 0.0
350.679647206 367.583635975 0.0
351.673329875 367.583635975 0.0
352.667012543 367.583635975 0.0
353.660695212 367.583635975 0.0
353.660695212 366.590258492 0.0
#ENDStroke
#Stroke 15
335.684072390 379.600299081 0.0
335.684072390 379.600299081 0.0
335.684072390 379.600299081 0.0
335.684072390 379.600299081 0.0
335.684072390 379.600299081 0.0
335.684072390 379.600299081 0.0
335.684072390 379.600299081 0.0
335.684072390 379.600299081 0.0
336.677755058 380.593676565 0.0
336.677755058 380.593676565 0.0
337.671437727 380.593676565 0.0
338.665120396 380.593676565 0.0
340.652485733 380.593676565 0.0
341.646168401 380.593676565 0.0
342.639851070 380.593676565 0.0
343.633533738 380.593676565 0.0
345.711233863 380.593676565 0.0
346.704916532 380.593676565 0.0
#ENDStroke
#Stroke 16
369.649952696 382.612475967 0.0
369.649952696 382.612475967 0.0
369.649952696 382.612475967 0.0
368.656270028 383.605853450 0.0
368.656270028 383.605853450 0.0
368.656270028 383.605853450 0.0
367.662587359 383.605853450 0.0
366.668904691 383.605853450 0.0
366.668904691 383.605853450 0.0
365.675222022 382.612475967 0.0
364.681539354 382.612475967 0.0
363.687856685 381.587054048 0.0
362.694174017 380.593676565 0.0
362.694174017 379.600299081 0.0
361.700491348 379.600299081 0.0
361.700491348 378.606921598 0.0
361.700491348 378.606921598 0.0
361.700491348 378.606921598 0.0
362.694174017 377.581499680 0.0
362.694174017 377.581499680 0.0
363.687856685 377.581499680 0.0
364.681539354 377.581499680 0.0
365.675222022 377.581499680 0.0
366.668904691 377.581499680 0.0
367.662587359 377.581499680 0.0
368.656270028 377.581499680 0.0
369.649952696 377.581499680 0.0
370.643635365 377.581499680 0.0
371.637318033 377.581499680 0.0
371.637318033 377.581499680 0.0
372.721335490 376.588122196 0.0
373.715018159 376.588122196 0.0
373.715018159 376.588122196 0.0
374.708700827 375.594744713 0.0
374.708700827 375.594744713 0.0
374.708700827 374.601367229 0.0
374.708700827 374.601367229 0.0
374.708700827 373.575945311 0.0
373.715018159 373.575945311 0.0
373.715018159 372.582567827 0.0
372.721335490 372.582567827 0.0
371.637318033 371.589190344 0.0
370.643635365 371.589190344 0.0
369.649952696 370.595812861 0.0
367.662587359 370.595812861 0.0
365.675222022 369.602435377 0.0
364.681539354 369.602435377 0.0
#ENDStroke
#Stroke 17
384.645527512 407.639179662 0.0
384.645527512 406.613757744 0.0
384.645527512 406.613757744 0.0
384.645527512 406.613757744 0.0
384.645527512 405.620380261 0.0
384.645527512 405.620380261 0.0
384.645527512 404.627002777 0.0
384.645527512 403.633625294 0.0
384.645527512 402.608203375 0.0
384.645527512 401.614825892 0.0
384.645527512 400.621448408 0.0
385.639210181 398.602649007 0.0
385.639210181 397.609271523 0.0
385.639210181 395.622516556 0.0
385.639210181 393.603717154 0.0
385.639210181 391.616962188 0.0
385.639210181 390.623584704 0.0
385.639210181 388.604785302 0.0
385.639210181 386.618030335 0.0
385.639210181 384.599230934 0.0
385.639210181 382.612475967 0.0
385.639210181 380.593676565 0.0
384.645527512 378.606921598 0.0
384.645527512 376.588122196 0.0
384.645527512 375.594744713 0.0
384.645527512 374.601367229 0.0
385.639210181 373.575945311 0.0
385.639210181 372.582567827 0.0
385.639210181 371.589190344 0.0
385.639210181 370.595812861 0.0
386.723227638 370.595812861 0.0
386.723227638 369.602435377 0.0
387.716910306 369.602435377 0.0
387.716910306 369.602435377 0.0
388.710592975 368.577013459 0.0
389.704275643 368.577013459 0.0
389.704275643 368.577013459 0.0
390.697958312 368.577013459 0.0
391.691640980 368.577013459 0.0
392.685323649 369.602435377 0.0
393.679006317 369.602435377 0.0
394.672688986 370.595812861 0.0
394.672688986 371.589190344 0.0
395.666371654 371.589190344 0.0
#ENDStroke
#Stroke 18
379.677114170 386.618030335 0.0
378.683431501 386.618030335 0.0
378.683431501 386.618030335 0.0
378.683431501 386.618030335 0.0
379.677114170 385.592608417 0.0
380.670796838 385.592608417 0.0
381.664479507 385.592608417 0.0
383.651844844 384.599230934 0.0
385.639210181 384.599230934 0.0
387.716910306 383.605853450 0.0
388.710592975 383.605853450 0.0
390.697958312 383.605853450 0.0
392.685323649 383.605853450 0.0
393.679006317 383.605853450 0.0
#ENDStroke
#Stroke 19
660.798974578 204.413373211 0.0
660.798974578 203.419995727 0.0
660.798974578 203.419995727 0.0
660.798974578 203.419995727 0.0
659.805291910 203.419995727 0.0
659.805291910 203.419995727 0.0
659.805291910 204.413373211 0.0
659.805291910 206.432172613 0.0
659.805291910 208.418927580 0.0
659.805291910 211.431104465 0.0
659.805291910 214.443281350 0.0
660.798974578 217.455458235 0.0
660.798974578 221.428968169 0.0
661.792657247 224.441145054 0.0
661.792657247 227.453321940 0.0
662.786339915 230.465498825 0.0
662.786339915 232.452253792 0.0
662.786339915 233.445631275 0.0
663.780022584 234.471053194 0.0
663.780022584 235.464430677 0.0
663.780022584 235.464430677 0.0
663.780022584 235.464430677 0.0
663.780022584 235.464430677 0.0
663.780022584 235.464430677 0.0
663.780022584 235.464430677 0.0
663.780022584 235.464430677 0.0
663.780022584 235.464430677 0.0
664.773705252 235.464430677 0.0
665.767387921 235.464430677 0.0
666.761070589 235.464430677 0.0
667.754753258 235.464430677 0.0
669.742118595 236.457808161 0.0
670.826136052 236.457808161 0.0
672.813501389 236.457808161 0.0
674.800866726 236.457808161 0.0
675.794549394 236.457808161 0.0
677.781914731 236.457808161 0.0
678.775597400 236.457808161 0.0
679.769280068 235.464430677 0.0
680.762962737 235.464430677 0.0
681.756645405 235.464430677 0.0
681.756645405 234.471053194 0.0
682.750328074 234.471053194 0.0
682.750328074 233.445631275 0.0
683.744010743 231.458876308 0.0
683.744010743 230.465498825 0.0
684.828028199 227.453321940 0.0
684.828028199 224.441145054 0.0
685.821710868 220.435590686 0.0
686.815393536 215.436658834 0.0
686.815393536 210.437726981 0.0
687.809076205 206.432172613 0.0
687.809076205 202.426618244 0.0
688.802758873 200.407818842 0.0
689.796441542 198.421063875 0.0
689.796441542 197.427686392 0.0
#ENDStroke
#Remove 19
#Remove 13
#Remove 12
#Remove 11
#Remove 9
#Remove 7
#Remove 6
#Remove 5
#Remove 10
#Remove 8
#Stroke 20
667.754753258 119.335398419 0.0
667.754753258 120.360820338 0.0
667.754753258 120.360820338 0.0
667.754753258 120.360820338 0.0
667.754753258 120.360820338 0.0
667.754753258 120.360820338 0.0
667.754753258 120.360820338 0.0
667.754753258 120.360820338 0.0
667.754753258 120.360820338 0.0
667.754753258 120.360820338 0.0
667.754753258 120.360820338 0.0
667.754753258 120.360820338 0.0
667.754753258 120.360820338 0.0
667.754753258 120.360820338 0.0
667.754753258 120.360820338 0.0
667.754753258 120.360820338 0.0
667.754753258 120.360820338 0.0
667.754753258 120.360820338 0.0
667.754753258 120.360820338 0.0
667.754753258 120.360820338 0.0
667.754753258 121.354197821 0.0
668.748435926 123.340952788 0.0
668.748435926 125.359752190 0.0
669.742118595 127.346507157 0.0
669.742118595 129.365306558 0.0
670.826136052 132.345439009 0.0
670.826136052 134.364238411 0.0
671.819818720 137.376415296 0.0
671.819818720 139.363170263 0.0
672.813501389 141.381969665 0.0
672.813501389 142.375347148 0.0
672.813501389 144.362102115 0.0
673.807184057 145.355479598 0.0
673.807184057 147.374279000 0.0
673.807184057 147.374279000 0.0
674.800866726 148.367656484 0.0
674.800866726 148.367656484 0.0
674.800866726 148.367656484 0.0
675.794549394 148.367656484 0.0
675.794549394 147.374279000 0.0
676.788232063 146.380901517 0.0
676.788232063 145.355479598 0.0
677.781914731 143.368724631 0.0
678.775597400 141.381969665 0.0
678.775597400 139.363170263 0.0
679.769280068 137.376415296 0.0
680.762962737 135.357615894 0.0
680.762962737 134.364238411 0.0
681.756645405 132.345439009 0.0
681.756645405 130.358684042 0.0
682.750328074 129.365306558 0.0
682.750328074 128.339884640 0.0
682.750328074 128.339884640 0.0
683.744010743 127.346507157 0.0
683.744010743 126.353129673 0.0
683.744010743 126.353129673 0.0
683.744010743 126.353129673 0.0
683.744010743 125.359752190 0.0
683.744010743 125.359752190 0.0
683.744010743 125.359752190 0.0
683.744010743 125.359752190 0.0
683.744010743 124.334330271 0.0
684.828028199 124.334330271 0.0
#ENDStroke
#Stroke 21
672.813501389 133.370860927 0.0
672.813501389 133.370860927 0.0
671.819818720 133.370860927 0.0
671.819818720 133.370860927 0.0
671.819818720 133.370860927 0.0
670.826136052 134.364238411 0.0
670.826136052 134.364238411 0.0
670.826136052 134.364238411 0.0
670.826136052 134.364238411 0.0
670.826136052 134.364238411 0.0
670.826136052 134.364238411 0.0
670.826136052 134.364238411 0.0
670.826136052 134.364238411 0.0
670.826136052 134.364238411 0.0
670.826136052 134.364238411 0.0
671.819818720 134.364238411 0.0
672.813501389 134.364238411 0.0
673.807184057 134.364238411 0.0
675.794549394 134.364238411 0.0
676.788232063 134.364238411 0.0
677.781914731 134.364238411 0.0
678.775597400 134.364238411 0.0
679.769280068 134.364238411 0.0
680.762962737 134.364238411 0.0
680.762962737 134.364238411 0.0
#ENDStroke
#Stroke 22
692.777489547 123.340952788 0.0
692.777489547 123.340952788 0.0
692.777489547 123.340952788 0.0
692.777489547 122.347575304 0.0
692.777489547 122.347575304 0.0
692.777489547 122.347575304 0.0
692.777489547 122.347575304 0.0
692.777489547 122.347575304 0.0
692.777489547 122.347575304 0.0
692.777489547 122.347575304 0.0
692.777489547 122.347575304 0.0
692.777489547 122.347575304 0.0
692.777489547 122.347575304 0.0
691.783806879 123.340952788 0.0
691.783806879 123.340952788 0.0
691.783806879 124.334330271 0.0
691.783806879 125.359752190 0.0
690.790124210 126.353129673 0.0
690.790124210 127.346507157 0.0
690.790124210 128.339884640 0.0
690.790124210 129.365306558 0.0
690.790124210 130.358684042 0.0
690.790124210 131.352061525 0.0
690.790124210 131.352061525 0.0
690.790124210 132.345439009 0.0
691.783806879 132.345439009 0.0
691.783806879 133.370860927 0.0
692.777489547 134.364238411 0.0
694.764854884 134.364238411 0.0
695.758537553 134.364238411 0.0
697.836237678 134.364238411 0.0
699.823603015 134.364238411 0.0
700.817285684 134.364238411 0.0
702.804651021 133.370860927 0.0
#ENDStroke
#Stroke 23
710.754112369 127.346507157 0.0
710.754112369 127.346507157 0.0
710.754112369 127.346507157 0.0
711.838129826 127.346507157 0.0
711.838129826 127.346507157 0.0
711.838129826 127.346507157 0.0
712.831812494 127.346507157 0.0
713.825495163 127.346507157 0.0
714.819177831 127.346507157 0.0
715.812860500 127.346507157 0.0
716.806543168 127.346507157 0.0
717.800225837 127.346507157 0.0
718.793908506 127.346507157 0.0
719.787591174 128.339884640 0.0
720.781273843 129.365306558 0.0
721.774956511 130.358684042 0.0
721.774956511 131.352061525 0.0
721.774956511 132.345439009 0.0
722.768639180 133.370860927 0.0
722.768639180 135.357615894 0.0
722.768639180 136.350993377 0.0
722.768639180 137.376415296 0.0
721.774956511 137.376415296 0.0
721.774956511 138.369792779 0.0
720.781273843 138.369792779 0.0
719.787591174 138.369792779 0.0
718.793908506 139.363170263 0.0
717.800225837 139.363170263 0.0
717.800225837 139.363170263 0.0
716.806543168 139.363170263 0.0
715.812860500 138.369792779 0.0
714.819177831 138.369792779 0.0
714.819177831 137.376415296 0.0
713.825495163 137.376415296 0.0
712.831812494 136.350993377 0.0
712.831812494 135.357615894 0.0
711.838129826 134.364238411 0.0
711.838129826 132.345439009 0.0
711.838129826 130.358684042 0.0
711.838129826 128.339884640 0.0
711.838129826 126.353129673 0.0
711.838129826 124.334330271 0.0
712.831812494 123.340952788 0.0
713.825495163 122.347575304 0.0
713.825495163 120.360820338 0.0
714.819177831 119.335398419 0.0
715.812860500 119.335398419 0.0
716.806543168 118.342020936 0.0
717.800225837 118.342020936 0.0
719.787591174 118.342020936 0.0
720.781273843 119.335398419 0.0
722.768639180 120.360820338 0.0
723.762321848 121.354197821 0.0
724.846339305 122.347575304 0.0
725.840021973 123.340952788 0.0
#ENDStroke
#Stroke 24
743.816644795 133.370860927 0.0
743.816644795 133.370860927 0.0
743.816644795 133.370860927 0.0
742.822962127 134.364238411 0.0
742.822962127 134.364238411 0.0
742.822962127 134.364238411 0.0
742.822962127 134.364238411 0.0
741.829279458 134.364238411 0.0
741.829279458 135.357615894 0.0
740.835596789 135.357615894 0.0
739.841914121 135.357615894 0.0
739.841914121 134.364238411 0.0
738.848231452 134.364238411 0.0
737.764213996 133.370860927 0.0
736.770531327 132.345439009 0.0
735.776848659 131.352061525 0.0
735.776848659 129.365306558 0.0
734.783165990 127.346507157 0.0
734.783165990 125.359752190 0.0
734.783165990 123.340952788 0.0
734.783165990 121.354197821 0.0
735.776848659 120.360820338 0.0
735.776848659 120.360820338 0.0
736.770531327 119.335398419 0.0
737.764213996 119.335398419 0.0
738.848231452 120.360820338 0.0
738.848231452 121.354197821 0.0
739.841914121 122.347575304 0.0
740.835596789 124.334330271 0.0
740.835596789 125.359752190 0.0
741.829279458 127.346507157 0.0
741.829279458 128.339884640 0.0
741.829279458 129.365306558 0.0
741.829279458 130.358684042 0.0
741.829279458 131.352061525 0.0
741.829279458 132.345439009 0.0
741.829279458 132.345439009 0.0
741.829279458 132.345439009 0.0
741.829279458 132.345439009 0.0
742.822962127 131.352061525 0.0
742.822962127 130.358684042 0.0
742.822962127 129.365306558 0.0
742.822962127 127.346507157 0.0
743.816644795 125.359752190 0.0
743.816644795 123.340952788 0.0
744.810327464 121.354197821 0.0
744.810327464 120.360820338 0.0
745.804010132 118.342020936 0.0
746.797692801 117.348643452 0.0
746.797692801 116.355265969 0.0
747.791375469 116.355265969 0.0
748.785058138 115.329844050 0.0
#ENDStroke
#Stroke 25
638.757286294 201.433240761 0.0
638.757286294 201.433240761 0.0
638.757286294 201.433240761 0.0
638.757286294 200.407818842 0.0
638.757286294 200.407818842 0.0
638.757286294 200.407818842 0.0
638.757286294 200.407818842 0.0
638.757286294 200.407818842 0.0
637.763603626 200.407818842 0.0
637.763603626 200.407818842 0.0
637.763603626 200.407818842 0.0
637.763603626 200.407818842 0.0
637.763603626 201.433240761 0.0
636.769920957 203.419995727 0.0
636.769920957 205.438795129 0.0
636.769920957 208.418927580 0.0
636.769920957 211.431104465 0.0
636.769920957 214.443281350 0.0
636.769920957 217.455458235 0.0
636.769920957 220.435590686 0.0
636.769920957 223.447767571 0.0
636.769920957 225.434522538 0.0
636.769920957 226.459944456 0.0
637.763603626 227.453321940 0.0
637.763603626 227.453321940 0.0
637.763603626 227.453321940 0.0
637.763603626 228.446699423 0.0
637.763603626 228.446699423 0.0
637.763603626 228.446699423 0.0
637.763603626 228.446699423 0.0
637.763603626 228.446699423 0.0
638.757286294 228.446699423 0.0
639.750968963 228.446699423 0.0
640.744651631 228.446699423 0.0
641.738334300 228.446699423 0.0
643.816034425 229.440076907 0.0
645.803399762 230.465498825 0.0
647.790765099 231.458876308 0.0
649.778130436 232.452253792 0.0
651.765495773 232.452253792 0.0
653.752861110 233.445631275 0.0
654.746543779 233.445631275 0.0
656.733909116 233.445631275 0.0
657.817926572 233.445631275 0.0
658.811609241 233.445631275 0.0
659.805291910 233.445631275 0.0
659.805291910 233.445631275 0.0
660.798974578 232.452253792 0.0
661.792657247 231.458876308 0.0
661.792657247 229.440076907 0.0
662.786339915 227.453321940 0.0
662.786339915 224.441145054 0.0
663.780022584 219.442213202 0.0
663.780022584 214.443281350 0.0
664.773705252 208.418927580 0.0
664.773705252 202.426618244 0.0
664.773705252 196.434308908 0.0
665.767387921 192.428754540 0.0
665.767387921 189.416577654 0.0
665.767387921 187.397778253 0.0
#ENDStroke
#Remove 25
#Stroke 26
641.738334300 203.419995727 0.0
641.738334300 202.426618244 0.0
640.744651631 202.426618244 0.0
640.744651631 202.426618244 0.0
639.750968963 203.419995727 0.0
639.750968963 203.419995727 0.0
639.750968963 203.419995727 0.0
638.757286294 203.419995727 0.0
638.757286294 204.413373211 0.0
638.757286294 205.438795129 0.0
638.757286294 206.432172613 0.0
638.757286294 208.418927580 0.0
638.757286294 211.431104465 0.0
639.750968963 214.443281350 0.0
639.750968963 218.448835719 0.0
639.750968963 222.454390088 0.0
640.744651631 225.434522538 0.0
640.744651631 229.440076907 0.0
641.738334300 231.458876308 0.0
641.738334300 234.471053194 0.0
641.738334300 235.464430677 0.0
641.738334300 236.457808161 0.0
641.738334300 237.451185644 0.0
642.732016968 237.451185644 0.0
642.732016968 237.451185644 0.0
642.732016968 237.451185644 0.0
642.732016968 237.451185644 0.0
642.732016968 237.451185644 0.0
642.732016968 237.451185644 0.0
642.732016968 237.451185644 0.0
642.732016968 237.451185644 0.0
642.732016968 237.451185644 0.0
643.816034425 237.451185644 0.0
643.816034425 237.451185644 0.0
644.809717093 238.444563128 0.0
645.803399762 238.444563128 0.0
646.797082430 238.444563128 0.0
647.790765099 238.444563128 0.0
648.784447768 239.469985046 0.0
649.778130436 239.469985046 0.0
650.771813105 239.469985046 0.0
652.759178442 239.469985046 0.0
652.759178442 240.463362529 0.0
653.752861110 240.463362529 0.0
654.746543779 241.456740013 0.0
655.740226447 241.456740013 0.0
655.740226447 241.456740013 0.0
655.740226447 242.450117496 0.0
655.740226447 242.450117496 0.0
655.740226447 242.450117496 0.0
655.740226447 242.450117496 0.0
655.740226447 242.450117496 0.0
655.740226447 242.450117496 0.0
655.740226447 242.450117496 0.0
655.740226447 242.450117496 0.0
655.740226447 241.456740013 0.0
655.740226447 241.456740013 0.0
655.740226447 241.456740013 0.0
656.733909116 240.463362529 0.0
656.733909116 240.463362529 0.0
656.733909116 239.469985046 0.0
657.817926572 238.444563128 0.0
657.817926572 237.451185644 0.0
658.811609241 236.457808161 0.0
659.805291910 234.471053194 0.0
660.798974578 232.452253792 0.0
660.798974578 229.440076907 0.0
661.792657247 225.434522538 0.0
662.786339915 221.428968169 0.0
663.780022584 217.455458235 0.0
663.780022584 212.424481948 0.0
663.780022584 208.418927580 0.0
663.780022584 204.413373211 0.0
663.780022584 201.433240761 0.0
664.773705252 199.414441359 0.0
664.773705252 198.421063875 0.0
664.773705252 198.421063875 0.0
664.773705252 198.421063875 0.0
#ENDStroke
#Remove 26
#Stroke 27
942.914517655 488.711600085 0.0
943.908200323 489.704977569 0.0
943.908200323 489.704977569 0.0
943.908200323 490.698355052 0.0
943.908200323 490.698355052 0.0
943.908200323 490.698355052 0.0
943.908200323 490.698355052 0.0
942.914517655 490.698355052 0.0
942.914517655 490.698355052 0.0
941.920834986 490.698355052 0.0
940.836817530 490.698355052 0.0
939.843134861 490.698355052 0.0
938.849452193 491.691732536 0.0
936.862086856 491.691732536 0.0
934.874721519 491.691732536 0.0
932.887356182 492.717154454 0.0
930.899990844 492.717154454 0.0
926.834925382 492.717154454 0.0
922.860194708 492.717154454 0.0
918.885464034 491.691732536 0.0
913.826715903 491.691732536 0.0
908.858302561 490.698355052 0.0
903.889889218 488.711600085 0.0
898.831141087 487.686178167 0.0
894.856410413 486.692800684 0.0
889.887997070 485.699423200 0.0
885.822931608 484.706045717 0.0
882.841883602 482.687246315 0.0
879.860835597 481.693868831 0.0
877.873470260 479.707113865 0.0
875.886104923 478.681691946 0.0
875.886104923 477.688314463 0.0
876.879787591 475.701559496 0.0
878.867152928 473.682760094 0.0
882.841883602 471.696005127 0.0
886.816614277 469.677205725 0.0
891.875362407 467.690450758 0.0
897.837458419 466.697073275 0.0
904.883571886 465.671651357 0.0
911.839350566 465.671651357 0.0
918.885464034 465.671651357 0.0
926.834925382 465.671651357 0.0
934.874721519 466.697073275 0.0
942.914517655 468.683828242 0.0
949.870296335 470.670583209 0.0
955.922727134 472.689382611 0.0
961.884823145 474.676137577 0.0
965.859553819 476.694936979 0.0
969.924619282 478.681691946 0.0
971.911984619 480.700491348 0.0
972.905667287 481.693868831 0.0
972.905667287 482.687246315 0.0
971.911984619 483.712668233 0.0
970.918301950 484.706045717 0.0
967.846919156 484.706045717 0.0
964.865871151 484.706045717 0.0
960.891140477 484.706045717 0.0
955.922727134 484.706045717 0.0
951.857661672 484.706045717 0.0
946.889248329 484.706045717 0.0
942.914517655 484.706045717 0.0
938.849452193 484.706045717 0.0
935.868404187 485.699423200 0.0
933.881038850 485.699423200 0.0
#ENDStroke
#Stroke 28
679.769280068 193.422132023 0.0
679.769280068 192.428754540 0.0
679.769280068 192.428754540 0.0
678.775597400 192.428754540 0.0
678.775597400 192.428754540 0.0
678.775597400 192.428754540 0.0
678.775597400 193.422132023 0.0
678.775597400 194.415509507 0.0
678.775597400 195.408886990 0.0
678.775597400 197.427686392 0.0
678.775597400 199.414441359 0.0
678.775597400 202.426618244 0.0
678.775597400 205.438795129 0.0
678.775597400 209.444349498 0.0
678.775597400 213.449903867 0.0
678.775597400 217.455458235 0.0
678.775597400 221.428968169 0.0
678.775597400 224.441145054 0.0
678.775597400 227.453321940 0.0
679.769280068 229.440076907 0.0
679.769280068 231.458876308 0.0
679.769280068 232.452253792 0.0
679.769280068 233.445631275 0.0
679.769280068 233.445631275 0.0
679.769280068 233.445631275 0.0
679.769280068 233.445631275 0.0
679.769280068 233.445631275 0.0
679.769280068 233.445631275 0.0
679.769280068 233.445631275 0.0
680.762962737 232.452253792 0.0
680.762962737 232.452253792 0.0
681.756645405 232.452253792 0.0
682.750328074 232.452253792 0.0
683.744010743 233.445631275 0.0
685.821710868 233.445631275 0.0
687.809076205 234.471053194 0.0
689.796441542 234.471053194 0.0
691.783806879 234.471053194 0.0
693.771172216 235.464430677 0.0
695.758537553 235.464430677 0.0
696.752220222 236.457808161 0.0
698.829920347 236.457808161 0.0
699.823603015 236.457808161 0.0
700.817285684 237.451185644 0.0
701.810968352 237.451185644 0.0
702.804651021 237.451185644 0.0
703.798333689 237.451185644 0.0
703.798333689 237.451185644 0.0
704.792016358 237.451185644 0.0
704.792016358 237.451185644 0.0
704.792016358 236.457808161 0.0
705.785699026 235.464430677 0.0
705.785699026 234.471053194 0.0
705.785699026 233.445631275 0.0
705.785699026 231.458876308 0.0
706.779381695 228.446699423 0.0
706.779381695 226.459944456 0.0
706.779381695 222.454390088 0.0
707.773064364 218.448835719 0.0
707.773064364 213.449903867 0.0
707.773064364 208.418927580 0.0
708.766747032 204.413373211 0.0
708.766747032 200.407818842 0.0
709.760429701 198.421063875 0.0
709.760429701 196.434308908 0.0
709.760429701 195.408886990 0.0
#ENDStroke
#Remove 28
#Stroke 29
914.910733360 603.815210425 0.0
914.910733360 603.815210425 0.0
914.910733360 603.815210425 0.0
913.826715903 603.815210425 0.0
913.826715903 604.808587909 0.0
913.826715903 604.808587909 0.0
913.826715903 604.808587909 0.0
913.826715903 605.801965392 0.0
913.826715903 605.801965392 0.0
913.826715903 606.827387310 0.0
913.826715903 606.827387310 0.0
913.826715903 606.827387310 0.0
913.826715903 607.820764794 0.0
912.833033235 607.820764794 0.0
912.833033235 607.820764794 0.0
911.839350566 608.814142277 0.0
911.839350566 608.814142277 0.0
910.845667898 607.820764794 0.0
909.851985229 606.827387310 0.0
908.858302561 605.801965392 0.0
907.864619892 604.808587909 0.0
907.864619892 602.821832942 0.0
906.870937223 601.796411023 0.0
906.870937223 599.809656056 0.0
906.870937223 598.816278573 0.0
906.870937223 597.822901090 0.0
906.870937223 597.822901090 0.0
907.864619892 596.797479171 0.0
907.864619892 596.797479171 0.0
908.858302561 597.822901090 0.0
909.851985229 597.822901090 0.0
910.845667898 598.816278573 0.0
910.845667898 599.809656056 0.0
911.839350566 600.803033540 0.0
912.833033235 600.803033540 0.0
912.833033235 601.796411023 0.0
912.833033235 602.821832942 0.0
912.833033235 602.821832942 0.0
912.833033235 602.821832942 0.0
912.833033235 603.815210425 0.0
912.833033235 603.815210425 0.0
912.833033235 603.815210425 0.0
912.833033235 603.815210425 0.0
912.833033235 603.815210425 0.0
912.833033235 603.815210425 0.0
912.833033235 602.821832942 0.0
912.833033235 602.821832942 0.0
912.833033235 601.796411023 0.0
912.833033235 600.803033540 0.0
912.833033235 599.809656056 0.0
913.826715903 598.816278573 0.0
913.826715903 597.822901090 0.0
913.826715903 596.797479171 0.0
914.910733360 596.797479171 0.0
914.910733360 595.804101688 0.0
915.904416028 594.810724204 0.0
915.904416028 594.810724204 0.0
915.904416028 593.817346721 0.0
916.898098697 593.817346721 0.0
916.898098697 593.817346721 0.0
916.898098697 593.817346721 0.0
916.898098697 593.817346721 0.0
916.898098697 592.791924802 0.0
916.898098697 592.791924802 0.0
916.898098697 592.791924802 0.0
916.898098697 592.791924802 0.0
916.898098697 592.791924802 0.0
916.898098697 592.791924802 0.0
916.898098697 592.791924802 0.0
916.898098697 592.791924802 0.0
916.898098697 592.791924802 0.0
916.898098697 592.791924802 0.0
917.891781365 592.791924802 0.0
917.891781365 592.791924802 0.0
917.891781365 592.791924802 0.0
917.891781365 592.791924802 0.0
917.891781365 592.791924802 0.0
918.885464034 592.791924802 0.0
918.885464034 592.791924802 0.0
918.885464034 592.791924802 0.0
918.885464034 592.791924802 0.0
918.885464034 592.791924802 0.0
919.879146702 593.817346721 0.0
919.879146702 593.817346721 0.0
919.879146702 594.810724204 0.0
920.872829371 595.804101688 0.0
920.872829371 596.797479171 0.0
921.866512040 597.822901090 0.0
921.866512040 598.816278573 0.0
922.860194708 599.809656056 0.0
922.860194708 600.803033540 0.0
922.860194708 601.796411023 0.0
922.860194708 601.796411023 0.0
923.853877377 602.821832942 0.0
923.853877377 602.821832942 0.0
923.853877377 602.821832942 0.0
923.853877377 603.815210425 0.0
923.853877377 603.815210425 0.0
923.853877377 603.815210425 0.0
922.860194708 604.808587909 0.0
922.860194708 604.808587909 0.0
922.860194708 604.808587909 0.0
922.860194708 604.808587909 0.0
922.860194708 604.808587909 0.0
922.860194708 604.808587909 0.0
922.860194708 604.808587909 0.0
922.860194708 604.808587909 0.0
922.860194708 604.808587909 0.0
922.860194708 604.808587909 0.0
922.860194708 604.808587909 0.0
922.860194708 604.808587909 0.0
922.860194708 604.808587909 0.0
922.860194708 604.808587909 0.0
923.853877377 604.808587909 0.0
923.853877377 604.808587909 0.0
923.853877377 604.808587909 0.0
923.853877377 604.808587909 0.0
923.853877377 604.808587909 0.0
923.853877377 604.808587909 0.0
923.853877377 604.808587909 0.0
923.853877377 604.808587909 0.0
924.847560045 604.808587909 0.0
925.841242714 604.808587909 0.0
925.841242714 603.815210425 0.0
926.834925382 603.815210425 0.0
926.834925382 603.815210425 0.0
927.918942839 602.821832942 0.0
927.918942839 602.821832942 0.0
927.918942839 602.821832942 0.0
928.912625507 602.821832942 0.0
928.912625507 602.821832942 0.0
928.912625507 602.821832942 0.0
928.912625507 602.821832942 0.0
927.918942839 602.821832942 0.0
927.918942839 602.821832942 0.0
927.918942839 602.821832942 0.0
927.918942839 602.821832942 0.0
927.918942839 602.821832942 0.0
926.834925382 602.821832942 0.0
926.834925382 602.821832942 0.0
926.834925382 602.821832942 0.0
925.841242714 601.796411023 0.0
925.841242714 601.796411023 0.0
925.841242714 600.803033540 0.0
924.847560045 599.809656056 0.0
924.847560045 599.809656056 0.0
923.853877377 598.816278573 0.0
923.853877377 597.822901090 0.0
922.860194708 596.797479171 0.0
922.860194708 596.797479171 0.0
922.860194708 595.804101688 0.0
922.860194708 594.810724204 0.0
922.860194708 593.817346721 0.0
922.860194708 593.817346721 0.0
922.860194708 592.791924802 0.0
923.853877377 591.798547319 0.0
923.853877377 591.798547319 0.0
924.847560045 590.805169836 0.0
925.841242714 590.805169836 0.0
925.841242714 590.805169836 0.0
926.834925382 590.805169836 0.0
926.834925382 590.805169836 0.0
927.918942839 591.798547319 0.0
927.918942839 591.798547319 0.0
928.912625507 592.791924802 0.0
929.906308176 592.791924802 0.0
929.906308176 593.817346721 0.0
930.899990844 594.810724204 0.0
930.899990844 595.804101688 0.0
931.893673513 596.797479171 0.0
931.893673513 597.822901090 0.0
932.887356182 598.816278573 0.0
932.887356182 599.809656056 0.0
932.887356182 600.803033540 0.0
933.881038850 600.803033540 0.0
933.881038850 601.796411023 0.0
933.881038850 601.796411023 0.0
933.881038850 602.821832942 0.0
933.881038850 602.821832942 0.0
933.881038850 602.821832942 0.0
933.881038850 602.821832942 0.0
933.881038850 602.821832942 0.0
932.887356182 602.821832942 0.0
932.887356182 601.796411023 0.0
931.893673513 601.796411023 0.0
931.893673513 600.803033540 0.0
930.899990844 599.809656056 0.0
930.899990844 599.809656056 0.0
930.899990844 598.816278573 0.0
929.906308176 597.822901090 0.0
929.906308176 596.797479171 0.0
929.906308176 596.797479171 0.0
929.906308176 595.804101688 0.0
929.906308176 594.810724204 0.0
930.899990844 593.817346721 0.0
931.893673513 593.817346721 0.0
932.887356182 592.791924802 0.0
933.881038850 592.791924802 0.0
934.874721519 592.791924802 0.0
935.868404187 592.791924802 0.0
937.855769524 593.817346721 0.0
938.849452193 593.817346721 0.0
940.836817530 594.810724204 0.0
941.920834986 595.804101688 0.0
943.908200323 597.822901090 0.0
945.895565661 598.816278573 0.0
946.889248329 599.809656056 0.0
948.876613666 601.796411023 0.0
949.870296335 602.821832942 0.0
950.863979003 603.815210425 0.0
951.857661672 603.815210425 0.0
952.851344340 604.808587909 0.0
952.851344340 604.808587909 0.0
953.845027009 605.801965392 0.0
953.845027009 605.801965392 0.0
953.845027009 605.801965392 0.0
953.845027009 605.801965392 0.0
953.845027009 604.808587909 0.0
953.845027009 604.808587909 0.0
952.851344340 604.808587909 0.0
952.851344340 604.808587909 0.0
952.851344340 604.808587909 0.0
951.857661672 604.808587909 0.0
951.857661672 603.815210425 0.0
951.857661672 603.815210425 0.0
950.863979003 603.815210425 0.0
950.863979003 603.815210425 0.0
949.870296335 603.815210425 0.0
949.870296335 603.815210425 0.0
948.876613666 602.821832942 0.0
947.882930998 601.796411023 0.0
946.889248329 601.796411023 0.0
945.895565661 600.803033540 0.0
945.895565661 599.809656056 0.0
944.901882992 598.816278573 0.0
943.908200323 597.822901090 0.0
943.908200323 596.797479171 0.0
942.914517655 596.797479171 0.0
942.914517655 596.797479171 0.0
942.914517655 596.797479171 0.0
943.908200323 595.804101688 0.0
944.901882992 595.804101688 0.0
944.901882992 595.804101688 0.0
945.895565661 595.804101688 0.0
946.889248329 595.804101688 0.0
947.882930998 596.797479171 0.0
948.876613666 596.797479171 0.0
949.870296335 597.822901090 0.0
950.863979003 597.822901090 0.0
950.863979003 598.816278573 0.0
951.857661672 598.816278573 0.0
951.857661672 599.809656056 0.0
951.857661672 600.803033540 0.0
951.857661672 600.803033540 0.0
951.857661672 600.803033540 0.0
951.857661672 601.796411023 0.0
951.857661672 601.796411023 0.0
951.857661672 601.796411023 0.0
951.857661672 600.803033540 0.0
951.857661672 600.803033540 0.0
952.851344340 598.816278573 0.0
952.851344340 597.822901090 0.0
953.845027009 595.804101688 0.0
954.929044465 594.810724204 0.0
956.916409803 592.791924802 0.0
958.903775140 591.798547319 0.0
960.891140477 590.805169836 0.0
961.884823145 590.805169836 0.0
963.872188482 590.805169836 0.0
#ENDStroke
#Stroke 30
923.853877377 568.790643025 0.0
923.853877377 568.790643025 0.0
923.853877377 568.790643025 0.0
923.853877377 568.790643025 0.0
922.860194708 568.790643025 0.0
922.860194708 568.790643025 0.0
922.860194708 568.790643025 0.0
922.860194708 568.790643025 0.0
922.860194708 567.765221107 0.0
922.860194708 567.765221107 0.0
922.860194708 566.771843623 0.0
922.860194708 564.785088656 0.0
923.853877377 562.766289254 0.0
923.853877377 560.779534288 0.0
923.853877377 558.760734886 0.0
924.847560045 555.780602435 0.0
925.841242714 551.775048067 0.0
926.834925382 547.769493698 0.0
927.918942839 543.763939329 0.0
928.912625507 538.765007477 0.0
929.906308176 533.734031190 0.0
930.899990844 527.741721854 0.0
931.893673513 521.749412519 0.0
932.887356182 513.738303781 0.0
933.881038850 505.727195044 0.0
933.881038850 496.722708823 0.0
934.874721519 486.692800684 0.0
934.874721519 475.701559496 0.0
933.881038850 464.678273873 0.0
933.881038850 451.668233283 0.0
932.887356182 439.651570177 0.0
931.893673513 426.641529588 0.0
930.899990844 413.631488998 0.0
929.906308176 400.621448408 0.0
928.912625507 386.618030335 0.0
928.912625507 372.582567827 0.0
928.912625507 359.572527238 0.0
929.906308176 346.562486648 0.0
931.893673513 334.545823542 0.0
933.881038850 322.529160436 0.0
935.868404187 312.531296731 0.0
937.855769524 303.526810511 0.0
939.843134861 294.522324290 0.0
940.836817530 288.497970519 0.0
942.914517655 282.505661184 0.0
944.901882992 276.481307413 0.0
945.895565661 271.482375561 0.0
946.889248329 267.476821192 0.0
947.882930998 264.496688742 0.0
#ENDStroke
#Remove 30
#Stroke 31
927.918942839 354.573595386 0.0
928.912625507 355.566972869 0.0
928.912625507 355.566972869 0.0
928.912625507 355.566972869 0.0
928.912625507 355.566972869 0.0
928.912625507 355.566972869 0.0
928.912625507 355.566972869 0.0
928.912625507 355.566972869 0.0
928.912625507 354.573595386 0.0
929.906308176 353.580217902 0.0
929.906308176 351.561418500 0.0
929.906308176 349.574663533 0.0
930.899990844 347.555864132 0.0
930.899990844 344.575731681 0.0
931.893673513 341.563554796 0.0
931.893673513 338.551377911 0.0
932.887356182 333.552446059 0.0
933.881038850 328.553514206 0.0
934.874721519 322.529160436 0.0
934.874721519 316.536851100 0.0
935.868404187 309.519119846 0.0
935.868404187 301.508011109 0.0
935.868404187 293.528946806 0.0
936.862086856 284.492416150 0.0
936.862086856 275.487929930 0.0
937.855769524 265.490066225 0.0
937.855769524 254.466780602 0.0
937.855769524 243.475539415 0.0
937.855769524 231.458876308 0.0
937.855769524 219.442213202 0.0
937.855769524 206.432172613 0.0
937.855769524 191.403332621 0.0
936.862086856 176.406537065 0.0
936.862086856 159.390942106 0.0
936.862086856 142.375347148 0.0
936.862086856 124.334330271 0.0
937.855769524 107.318735313 0.0
938.849452193 91.3285622730 0.0
939.843134861 77.2930997650 0.0
940.836817530 65.3084810938 0.0
941.920834986 55.2785729545 0.0
942.914517655 48.2608417005 0.0
#ENDStroke
#Stroke 32
622.768028809 201.433240761 0.0
622.768028809 201.433240761 0.0
622.768028809 201.433240761 0.0
622.768028809 201.433240761 0.0
622.768028809 201.433240761 0.0
622.768028809 202.426618244 0.0
622.768028809 203.419995727 0.0
622.768028809 205.438795129 0.0
622.768028809 206.432172613 0.0
622.768028809 209.444349498 0.0
623.761711478 212.424481948 0.0
623.761711478 215.436658834 0.0
624.755394147 218.448835719 0.0
625.749076815 222.454390088 0.0
626.742759484 225.434522538 0.0
626.742759484 227.453321940 0.0
627.736442152 229.440076907 0.0
628.730124821 231.458876308 0.0
629.814142277 232.452253792 0.0
629.814142277 233.445631275 0.0
629.814142277 233.445631275 0.0
629.814142277 233.445631275 0.0
630.807824946 233.445631275 0.0
630.807824946 233.445631275 0.0
630.807824946 233.445631275 0.0
630.807824946 233.445631275 0.0
630.807824946 233.445631275 0.0
630.807824946 233.445631275 0.0
631.801507614 233.445631275 0.0
631.801507614 233.445631275 0.0
632.795190283 233.445631275 0.0
633.788872951 233.445631275 0.0
635.776238289 233.445631275 0.0
636.769920957 233.445631275 0.0
638.757286294 233.445631275 0.0
640.744651631 234.471053194 0.0
642.732016968 234.471053194 0.0
644.809717093 234.471053194 0.0
645.803399762 234.471053194 0.0
647.790765099 235.464430677 0.0
648.784447768 235.464430677 0.0
649.778130436 235.464430677 0.0
649.778130436 235.464430677 0.0
650.771813105 235.464430677 0.0
650.771813105 235.464430677 0.0
650.771813105 235.464430677 0.0
650.771813105 234.471053194 0.0
650.771813105 234.471053194 0.0
649.778130436 233.445631275 0.0
649.778130436 232.452253792 0.0
649.778130436 230.465498825 0.0
649.778130436 228.446699423 0.0
649.778130436 225.434522538 0.0
649.778130436 222.454390088 0.0
649.778130436 217.455458235 0.0
650.771813105 212.424481948 0.0
650.771813105 206.432172613 0.0
650.771813105 201.433240761 0.0
650.771813105 196.434308908 0.0
651.765495773 193.422132023 0.0
651.765495773 190.409955138 0.0
#ENDStroke
#Remove 31
#Remove 27
#Stroke 33
1140.92837306 542.770561846 0.0
1140.92837306 542.770561846 0.0
1139.93469039 541.745139927 0.0
1139.93469039 541.745139927 0.0
1139.93469039 541.745139927 0.0
1139.93469039 541.745139927 0.0
1139.93469039 541.745139927 0.0
1138.94100772 541.745139927 0.0
1138.94100772 542.770561846 0.0
1138.94100772 542.770561846 0.0
1137.94732505 542.770561846 0.0
1137.94732505 543.763939329 0.0
1136.95364238 543.763939329 0.0
1134.96627705 543.763939329 0.0
1133.97259438 544.757316813 0.0
1131.98522904 544.757316813 0.0
1128.91384625 544.757316813 0.0
1125.93279824 544.757316813 0.0
1121.95806757 543.763939329 0.0
1117.98333689 543.763939329 0.0
1113.91827143 542.770561846 0.0
1110.93722343 542.770561846 0.0
1106.96249275 541.745139927 0.0
1102.89742729 540.751762444 0.0
1099.91637928 540.751762444 0.0
1095.94164861 539.758384960 0.0
1092.96060060 538.765007477 0.0
1089.88921781 537.739585559 0.0
1086.90816980 536.746208075 0.0
1084.92080447 534.759453108 0.0
1082.93343913 532.740653706 0.0
1080.94607379 530.753898740 0.0
1079.95239113 528.735099338 0.0
1079.95239113 526.748344371 0.0
1080.94607379 524.729544969 0.0
1081.93975646 521.749412519 0.0
1084.92080447 519.730613117 0.0
1087.90185247 517.743858150 0.0
1091.96691794 515.725058748 0.0
1095.94164861 514.731681265 0.0
1100.91006195 513.738303781 0.0
1105.96881008 512.712881863 0.0
1110.93722343 511.719504379 0.0
1116.89931944 511.719504379 0.0
1122.95175024 511.719504379 0.0
1128.91384625 512.712881863 0.0
1134.96627705 514.731681265 0.0
1141.92205573 516.718436232 0.0
1148.96816919 518.737235633 0.0
1154.93026521 520.723990600 0.0
1159.98901334 522.742790002 0.0
1163.96374401 524.729544969 0.0
1165.95110935 526.748344371 0.0
1167.93847468 527.741721854 0.0
1169.92584002 529.728476821 0.0
1169.92584002 530.753898740 0.0
1169.92584002 531.747276223 0.0
1168.93215735 533.734031190 0.0
1166.94479202 534.759453108 0.0
1164.95742668 535.752830592 0.0
1161.97637867 535.752830592 0.0
1158.99533067 536.746208075 0.0
1155.92394787 537.739585559 0.0
1151.94921720 537.739585559 0.0
1148.96816919 538.765007477 0.0
1145.98712119 539.758384960 0.0
#ENDStroke
#Stroke 34
930.899990844 325.541337321 0.0
930.899990844 317.530228584 0.0
929.906308176 311.537919248 0.0
930.899990844 304.520187994 0.0
930.899990844 296.509079257 0.0
931.893673513 287.504593036 0.0
932.887356182 276.481307413 0.0
932.887356182 263.471266823 0.0
933.881038850 247.481093783 0.0
933.881038850 229.440076907 0.0
933.881038850 209.444349498 0.0
932.887356182 186.404400769 0.0
931.893673513 162.371074557 0.0
931.893673513 137.376415296 0.0
932.887356182 112.349711600 0.0
#ENDStroke
#Stroke 35
927.918942839 554.755180517 0.0
926.834925382 555.780602435 0.0
926.834925382 556.773979919 0.0
926.834925382 556.773979919 0.0
925.841242714 557.767357402 0.0
925.841242714 557.767357402 0.0
924.847560045 557.767357402 0.0
924.847560045 557.767357402 0.0
923.853877377 557.767357402 0.0
922.860194708 557.767357402 0.0
922.860194708 556.773979919 0.0
921.866512040 555.780602435 0.0
920.872829371 554.755180517 0.0
920.872829371 552.768425550 0.0
920.872829371 548.762871181 0.0
920.872829371 544.757316813 0.0
921.866512040 539.758384960 0.0
922.860194708 533.734031190 0.0
923.853877377 526.748344371 0.0
924.847560045 517.743858150 0.0
926.834925382 507.713950011 0.0
926.834925382 495.697286905 0.0
927.918942839 483.712668233 0.0
927.918942839 470.670583209 0.0
927.918942839 456.667165136 0.0
926.834925382 444.650502029 0.0
925.841242714 432.633838923 0.0
#ENDStroke
#Remove 35
#Remove 34
#Stroke 36
933.881038850 78.3185216834 0.0
933.881038850 78.3185216834 0.0
933.881038850 78.3185216834 0.0
933.881038850 78.3185216834 0.0
933.881038850 78.3185216834 0.0
933.881038850 78.3185216834 0.0
933.881038850 78.3185216834 0.0
933.881038850 78.3185216834 0.0
932.887356182 79.3118991668 0.0
932.887356182 79.3118991668 0.0
932.887356182 79.3118991668 0.0
932.887356182 79.3118991668 0.0
932.887356182 79.3118991668 0.0
932.887356182 79.3118991668 0.0
932.887356182 79.3118991668 0.0
932.887356182 79.3118991668 0.0
932.887356182 79.3118991668 0.0
931.893673513 80.3052766503 0.0
931.893673513 80.3052766503 0.0
931.893673513 81.2986541337 0.0
931.893673513 81.2986541337 0.0
931.893673513 82.3240760521 0.0
931.893673513 83.3174535356 0.0
931.893673513 83.3174535356 0.0
931.893673513 84.3108310190 0.0
931.893673513 86.2975859859 0.0
931.893673513 87.3230079043 0.0
931.893673513 88.3163853877 0.0
931.893673513 90.3031403546 0.0
931.893673513 91.3285622730 0.0
931.893673513 93.3153172399 0.0
931.893673513 94.3086947233 0.0
931.893673513 96.3274941252 0.0
931.893673513 98.3142490921 0.0
930.899990844 99.3396710105 0.0
930.899990844 101.326425977 0.0
929.906308176 103.345225379 0.0
929.906308176 105.331980346 0.0
929.906308176 108.344157231 0.0
929.906308176 111.324289682 0.0
929.906308176 114.336466567 0.0
929.906308176 116.355265969 0.0
929.906308176 119.335398419 0.0
929.906308176 121.354197821 0.0
929.906308176 124.334330271 0.0
929.906308176 127.346507157 0.0
929.906308176 130.358684042 0.0
929.906308176 132.345439009 0.0
929.906308176 135.357615894 0.0
929.906308176 137.376415296 0.0
929.906308176 140.356547746 0.0
929.906308176 142.375347148 0.0
929.906308176 145.355479598 0.0
929.906308176 148.367656484 0.0
929.906308176 151.379833369 0.0
929.906308176 155.385387738 0.0
929.906308176 159.390942106 0.0
929.906308176 162.371074557 0.0
929.906308176 166.376628925 0.0
929.906308176 170.382183294 0.0
929.906308176 173.394360179 0.0
930.899990844 176.406537065 0.0
930.899990844 179.418713950 0.0
930.899990844 182.398846400 0.0
930.899990844 185.411023286 0.0
931.893673513 189.416577654 0.0
931.893673513 192.428754540 0.0
931.893673513 195.408886990 0.0
931.893673513 198.421063875 0.0
932.887356182 201.433240761 0.0
932.887356182 204.413373211 0.0
932.887356182 207.425550096 0.0
932.887356182 210.437726981 0.0
933.881038850 214.443281350 0.0
933.881038850 217.455458235 0.0
933.881038850 220.435590686 0.0
933.881038850 223.447767571 0.0
934.874721519 227.453321940 0.0
934.874721519 230.465498825 0.0
934.874721519 233.445631275 0.0
935.868404187 236.457808161 0.0
935.868404187 239.469985046 0.0
935.868404187 243.475539415 0.0
935.868404187 245.462294382 0.0
935.868404187 248.474471267 0.0
936.862086856 251.486648152 0.0
936.862086856 253.473403119 0.0
936.862086856 256.485580004 0.0
936.862086856 259.465712455 0.0
936.862086856 261.484511856 0.0
936.862086856 264.496688742 0.0
936.862086856 267.476821192 0.0
936.862086856 270.488998077 0.0
936.862086856 273.501174963 0.0
936.862086856 276.481307413 0.0
936.862086856 279.493484298 0.0
936.862086856 282.505661184 0.0
937.855769524 284.492416150 0.0
937.855769524 287.504593036 0.0
937.855769524 289.523392438 0.0
937.855769524 291.510147404 0.0
937.855769524 293.528946806 0.0
937.855769524 295.515701773 0.0
937.855769524 298.527878658 0.0
937.855769524 300.514633625 0.0
938.849452193 303.526810511 0.0
938.849452193 305.513565477 0.0
938.849452193 308.525742363 0.0
938.849452193 311.537919248 0.0
938.849452193 313.524674215 0.0
938.849452193 316.536851100 0.0
939.843134861 319.549027985 0.0
939.843134861 321.535782952 0.0
939.843134861 324.547959838 0.0
939.843134861 326.534714805 0.0
939.843134861 329.546891690 0.0
938.849452193 331.565691092 0.0
938.849452193 334.545823542 0.0
938.849452193 336.564622944 0.0
938.849452193 339.544755394 0.0
938.849452193 342.556932279 0.0
938.849452193 344.575731681 0.0
938.849452193 347.555864132 0.0
938.849452193 350.568041017 0.0
938.849452193 352.586840419 0.0
938.849452193 355.566972869 0.0
938.849452193 358.579149754 0.0
938.849452193 360.565904721 0.0
938.849452193 363.578081606 0.0
938.849452193 366.590258492 0.0
938.849452193 369.602435377 0.0
938.849452193 372.582567827 0.0
938.849452193 375.594744713 0.0
938.849452193 378.606921598 0.0
939.843134861 381.587054048 0.0
939.843134861 385.592608417 0.0
939.843134861 388.604785302 0.0
939.843134861 390.623584704 0.0
940.836817530 393.603717154 0.0
940.836817530 396.615894040 0.0
940.836817530 399.628070925 0.0
940.836817530 401.614825892 0.0
941.920834986 404.627002777 0.0
941.920834986 407.639179662 0.0
941.920834986 409.625934629 0.0
941.920834986 412.638111515 0.0
941.920834986 414.624866482 0.0
941.920834986 417.637043367 0.0
941.920834986 419.623798334 0.0
941.920834986 422.635975219 0.0
941.920834986 424.654774621 0.0
941.920834986 426.641529588 0.0
941.920834986 429.653706473 0.0
941.920834986 431.640461440 0.0
941.920834986 433.659260842 0.0
941.920834986 436.639393292 0.0
941.920834986 438.658192694 0.0
941.920834986 440.644947661 0.0
941.920834986 442.663747063 0.0
941.920834986 444.650502029 0.0
941.920834986 447.662678915 0.0
941.920834986 449.649433882 0.0
941.920834986 451.668233283 0.0
941.920834986 453.654988250 0.0
941.920834986 455.673787652 0.0
941.920834986 457.660542619 0.0
941.920834986 459.679342021 0.0
941.920834986 461.666096988 0.0
941.920834986 463.684896390 0.0
941.920834986 465.671651357 0.0
941.920834986 467.690450758 0.0
941.920834986 470.670583209 0.0
941.920834986 472.689382611 0.0
941.920834986 474.676137577 0.0
941.920834986 476.694936979 0.0
941.920834986 478.681691946 0.0
941.920834986 480.700491348 0.0
941.920834986 481.693868831 0.0
941.920834986 483.712668233 0.0
941.920834986 485.699423200 0.0
941.920834986 486.692800684 0.0
941.920834986 488.711600085 0.0
941.920834986 489.704977569 0.0
941.920834986 491.691732536 0.0
941.920834986 492.717154454 0.0
941.920834986 494.703909421 0.0
941.920834986 495.697286905 0.0
941.920834986 496.722708823 0.0
941.920834986 498.709463790 0.0
941.920834986 499.702841273 0.0
941.920834986 500.728263192 0.0
942.914517655 501.721640675 0.0
942.914517655 502.715018159 0.0
942.914517655 503.708395642 0.0
942.914517655 505.727195044 0.0
942.914517655 506.720572527 0.0
942.914517655 507.713950011 0.0
942.914517655 508.707327494 0.0
942.914517655 509.732749413 0.0
942.914517655 510.726126896 0.0
942.914517655 512.712881863 0.0
942.914517655 513.738303781 0.0
942.914517655 514.731681265 0.0
942.914517655 515.725058748 0.0
942.914517655 516.718436232 0.0
942.914517655 518.737235633 0.0
942.914517655 519.730613117 0.0
943.908200323 519.730613117 0.0
943.908200323 520.723990600 0.0
943.908200323 521.749412519 0.0
943.908200323 522.742790002 0.0
943.908200323 522.742790002 0.0
943.908200323 523.736167486 0.0
943.908200323 523.736167486 0.0
943.908200323 524.729544969 0.0
943.908200323 525.722922452 0.0
943.908200323 525.722922452 0.0
943.908200323 526.748344371 0.0
943.908200323 527.741721854 0.0
943.908200323 528.735099338 0.0
943.908200323 529.728476821 0.0
943.908200323 529.728476821 0.0
943.908200323 530.753898740 0.0
943.908200323 531.747276223 0.0
943.908200323 531.747276223 0.0
943.908200323 531.747276223 0.0
943.908200323 532.740653706 0.0
943.908200323 532.740653706 0.0
943.908200323 533.734031190 0.0
943.908200323 534.759453108 0.0
943.908200323 534.759453108 0.0
944.901882992 535.752830592 0.0
944.901882992 536.746208075 0.0
944.901882992 537.739585559 0.0
944.901882992 537.739585559 0.0
944.901882992 538.765007477 0.0
944.901882992 538.765007477 0.0
944.901882992 539.758384960 0.0
944.901882992 539.758384960 0.0
944.901882992 540.751762444 0.0
944.901882992 540.751762444 0.0
944.901882992 540.751762444 0.0
944.901882992 541.745139927 0.0
944.901882992 542.770561846 0.0
944.901882992 542.770561846 0.0
944.901882992 542.770561846 0.0
944.901882992 543.763939329 0.0
944.901882992 543.763939329 0.0
944.901882992 543.763939329 0.0
944.901882992 543.763939329 0.0
944.901882992 543.763939329 0.0
944.901882992 543.763939329 0.0
944.901882992 543.763939329 0.0
944.901882992 543.763939329 0.0
944.901882992 543.763939329 0.0
944.901882992 543.763939329 0.0
944.901882992 543.763939329 0.0
944.901882992 544.757316813 0.0
944.901882992 544.757316813 0.0
944.901882992 544.757316813 0.0
944.901882992 545.750694296 0.0
944.901882992 545.750694296 0.0
944.901882992 545.750694296 0.0
944.901882992 545.750694296 0.0
944.901882992 545.750694296 0.0
944.901882992 545.750694296 0.0
944.901882992 545.750694296 0.0
944.901882992 545.750694296 0.0
944.901882992 545.750694296 0.0
944.901882992 545.750694296 0.0
944.901882992 545.750694296 0.0
944.901882992 545.750694296 0.0
944.901882992 545.750694296 0.0
944.901882992 546.744071780 0.0
945.895565661 546.744071780 0.0
945.895565661 546.744071780 0.0
945.895565661 547.769493698 0.0
945.895565661 547.769493698 0.0
945.895565661 547.769493698 0.0
945.895565661 547.769493698 0.0
945.895565661 547.769493698 0.0
945.895565661 547.769493698 0.0
945.895565661 546.744071780 0.0
945.895565661 546.744071780 0.0
945.895565661 546.744071780 0.0
945.895565661 546.744071780 0.0
946.889248329 547.769493698 0.0
#ENDStroke
#Remove 33
#Stroke 37
1143.90942106 537.739585559 0.0
1144.99343852 538.765007477 0.0
1144.99343852 538.765007477 0.0
1145.98712119 538.765007477 0.0
1145.98712119 539.758384960 0.0
1145.98712119 539.758384960 0.0
1145.98712119 539.758384960 0.0
1145.98712119 539.758384960 0.0
1145.98712119 539.758384960 0.0
1145.98712119 540.751762444 0.0
1145.98712119 540.751762444 0.0
1144.99343852 541.745139927 0.0
1144.99343852 541.745139927 0.0
1143.90942106 542.770561846 0.0
1143.90942106 542.770561846 0.0
1142.91573840 543.763939329 0.0
1141.92205573 543.763939329 0.0
1140.92837306 544.757316813 0.0
1139.93469039 544.757316813 0.0
1138.94100772 545.750694296 0.0
1137.94732505 545.750694296 0.0
1135.95995972 545.750694296 0.0
1134.96627705 546.744071780 0.0
1133.97259438 546.744071780 0.0
1132.97891171 546.744071780 0.0
1130.90121158 547.769493698 0.0
1129.90752892 548.762871181 0.0
1127.92016358 548.762871181 0.0
1126.92648091 549.756248665 0.0
1124.93911557 550.749626148 0.0
1122.95175024 550.749626148 0.0
1120.96438490 551.775048067 0.0
1118.97701956 551.775048067 0.0
1115.90563677 551.775048067 0.0
1113.91827143 551.775048067 0.0
1111.93090609 550.749626148 0.0
1110.93722343 549.756248665 0.0
1108.94985809 548.762871181 0.0
1106.96249275 547.769493698 0.0
1105.96881008 546.744071780 0.0
1104.97512741 544.757316813 0.0
1102.89742729 543.763939329 0.0
1101.90374462 541.745139927 0.0
1100.91006195 540.751762444 0.0
1099.91637928 538.765007477 0.0
1098.92269662 537.739585559 0.0
1097.92901395 535.752830592 0.0
1096.93533128 534.759453108 0.0
1095.94164861 532.740653706 0.0
1095.94164861 531.747276223 0.0
1094.94796594 529.728476821 0.0
1094.94796594 528.735099338 0.0
1094.94796594 526.748344371 0.0
1095.94164861 525.722922452 0.0
1096.93533128 523.736167486 0.0
1097.92901395 522.742790002 0.0
1098.92269662 521.749412519 0.0
1101.90374462 520.723990600 0.0
1103.98144475 519.730613117 0.0
1106.96249275 518.737235633 0.0
1109.94354076 518.737235633 0.0
1112.92458876 517.743858150 0.0
1116.89931944 517.743858150 0.0
1120.96438490 517.743858150 0.0
1123.94543291 517.743858150 0.0
1127.92016358 517.743858150 0.0
1131.98522904 518.737235633 0.0
1134.96627705 518.737235633 0.0
1138.94100772 519.730613117 0.0
1142.91573840 519.730613117 0.0
1146.98080386 521.749412519 0.0
1150.95553453 522.742790002 0.0
1154.93026521 524.729544969 0.0
1157.91131321 525.722922452 0.0
1159.98901334 527.741721854 0.0
1161.97637867 529.728476821 0.0
1163.96374401 530.753898740 0.0
1164.95742668 532.740653706 0.0
1165.95110935 533.734031190 0.0
1165.95110935 534.759453108 0.0
1165.95110935 536.746208075 0.0
1165.95110935 537.739585559 0.0
1165.95110935 539.758384960 0.0
1164.95742668 541.745139927 0.0
1163.96374401 542.770561846 0.0
1161.97637867 544.757316813 0.0
1159.98901334 546.744071780 0.0
1156.91763054 547.769493698 0.0
1154.93026521 548.762871181 0.0
1151.94921720 549.756248665 0.0
1147.97448653 550.749626148 0.0
1145.98712119 550.749626148 0.0
#ENDStroke
#Remove 37
#Remove 36
#Stroke 38
1013.99727344 616.765221107 0.0
1013.99727344 617.790643025 0.0
1013.99727344 617.790643025 0.0
1013.99727344 618.784020508 0.0
1013.00359077 618.784020508 0.0
1013.00359077 618.784020508 0.0
1013.00359077 618.784020508 0.0
1013.00359077 619.777397992 0.0
1013.00359077 619.777397992 0.0
1013.00359077 619.777397992 0.0
1012.00990810 619.777397992 0.0
1012.00990810 619.777397992 0.0
1012.00990810 619.777397992 0.0
1012.00990810 619.777397992 0.0
1012.00990810 619.777397992 0.0
1012.00990810 619.777397992 0.0
1012.00990810 619.777397992 0.0
1012.00990810 619.777397992 0.0
1012.00990810 619.777397992 0.0
1011.01622544 619.777397992 0.0
1011.01622544 619.777397992 0.0
1011.01622544 618.784020508 0.0
1011.01622544 617.790643025 0.0
1010.02254277 616.765221107 0.0
1010.02254277 615.771843623 0.0
1010.02254277 614.778466140 0.0
1010.02254277 613.785088656 0.0
1010.02254277 612.759666738 0.0
1009.02886010 611.766289254 0.0
1009.02886010 609.779534288 0.0
1009.02886010 608.786156804 0.0
1009.02886010 606.767357402 0.0
1009.02886010 605.773979919 0.0
1009.02886010 603.755180517 0.0
1008.03517743 601.768425550 0.0
1008.03517743 599.749626148 0.0
1008.03517743 596.769493698 0.0
1008.03517743 594.750694296 0.0
1007.04149476 591.770561846 0.0
1007.04149476 588.758384960 0.0
1006.04781209 586.739585559 0.0
1006.04781209 583.759453108 0.0
1006.04781209 580.747276223 0.0
1005.05412942 578.728476821 0.0
1005.05412942 575.748344371 0.0
1005.05412942 572.736167486 0.0
1005.05412942 569.723990600 0.0
1005.05412942 566.743858150 0.0
1005.05412942 563.731681265 0.0
1005.05412942 559.726126896 0.0
1005.05412942 556.713950011 0.0
1005.05412942 553.733817560 0.0
1005.05412942 549.728263192 0.0
1005.05412942 546.716086306 0.0
1005.05412942 542.710531938 0.0
1005.05412942 539.698355052 0.0
1005.05412942 535.692800684 0.0
1005.05412942 532.712668233 0.0
1006.04781209 529.700491348 0.0
1006.04781209 525.694936979 0.0
1006.04781209 522.682760094 0.0
1007.04149476 519.670583209 0.0
1007.04149476 516.690450758 0.0
1007.04149476 512.684896390 0.0
1008.03517743 508.679342021 0.0
1008.03517743 505.667165136 0.0
1008.03517743 501.661610767 0.0
1008.03517743 497.656056398 0.0
1008.03517743 492.657124546 0.0
1008.03517743 488.651570177 0.0
1008.03517743 484.646015809 0.0
1008.03517743 480.640461440 0.0
1008.03517743 477.660328990 0.0
1008.03517743 473.654774621 0.0
1008.03517743 469.649220252 0.0
1008.03517743 465.643665883 0.0
1008.03517743 461.638111515 0.0
1008.03517743 457.632557146 0.0
1008.03517743 453.627002777 0.0
1008.03517743 449.621448408 0.0
1008.03517743 445.615894040 0.0
1009.02886010 441.610339671 0.0
1009.02886010 437.604785302 0.0
1009.02886010 433.599230934 0.0
1010.02254277 429.593676565 0.0
1010.02254277 425.588122196 0.0
1011.01622544 421.582567827 0.0
1011.01622544 417.577013459 0.0
1011.01622544 414.596881008 0.0
1012.00990810 410.591326640 0.0
1012.00990810 406.585772271 0.0
1012.00990810 402.580217902 0.0
1013.00359077 398.574663533 0.0
1013.00359077 395.562486648 0.0
1013.00359077 391.556932279 0.0
1013.99727344 387.551377911 0.0
1013.99727344 384.539201025 0.0
1014.99095611 380.565691092 0.0
1016.07497357 376.560136723 0.0
1016.07497357 373.547959838 0.0
1016.07497357 369.542405469 0.0
1017.06865624 366.530228584 0.0
1017.06865624 363.550096133 0.0
1017.06865624 359.544541765 0.0
1017.06865624 356.532364879 0.0
1018.06233890 353.520187994 0.0
1018.06233890 350.508011109 0.0
1018.06233890 346.502456740 0.0
1018.06233890 343.522324290 0.0
1018.06233890 340.510147404 0.0
1018.06233890 337.497970519 0.0
1018.06233890 334.517838069 0.0
1017.06865624 330.512283700 0.0
1017.06865624 327.500106815 0.0
1017.06865624 323.494552446 0.0
1016.07497357 319.488998077 0.0
1016.07497357 315.483443709 0.0
1016.07497357 311.477889340 0.0
1014.99095611 307.472334971 0.0
1014.99095611 303.466780602 0.0
1013.99727344 300.486648152 0.0
1013.99727344 296.481093783 0.0
1013.00359077 293.468916898 0.0
1013.00359077 290.456740013 0.0
1013.00359077 286.451185644 0.0
1012.00990810 283.471053194 0.0
1012.00990810 279.465498825 0.0
1012.00990810 276.453321940 0.0
1012.00990810 273.441145054 0.0
1011.01622544 270.428968169 0.0
1011.01622544 266.455458235 0.0
1011.01622544 263.443281350 0.0
1011.01622544 260.431104465 0.0
1011.01622544 257.418927580 0.0
1010.02254277 253.413373211 0.0
1010.02254277 250.433240761 0.0
1010.02254277 247.421063875 0.0
1010.02254277 244.408886990 0.0
1010.02254277 241.428754540 0.0
1010.02254277 239.409955138 0.0
1009.02886010 236.397778253 0.0
1009.02886010 233.417645802 0.0
1009.02886010 230.405468917 0.0
1009.02886010 228.418713950 0.0
1009.02886010 225.406537065 0.0
1009.02886010 223.387737663 0.0
1009.02886010 220.407605213 0.0
1010.02254277 217.395428327 0.0
1010.02254277 214.383251442 0.0
1010.02254277 212.396496475 0.0
1010.02254277 209.384319590 0.0
1010.02254277 207.397564623 0.0
1010.02254277 204.385387738 0.0
1011.01622544 203.392010254 0.0
1011.01622544 201.373210852 0.0
1011.01622544 199.386455885 0.0
1011.01622544 197.367656484 0.0
1012.00990810 196.374279000 0.0
1012.00990810 195.380901517 0.0
1012.00990810 193.362102115 0.0
1012.00990810 192.368724631 0.0
1012.00990810 191.375347148 0.0
1012.00990810 189.356547746 0.0
1012.00990810 188.363170263 0.0
1012.00990810 186.376415296 0.0
1012.00990810 185.350993377 0.0
1012.00990810 183.364238411 0.0
1012.00990810 182.370860927 0.0
1012.00990810 180.352061525 0.0
1012.00990810 179.358684042 0.0
1012.00990810 177.339884640 0.0
1012.00990810 176.346507157 0.0
1012.00990810 175.353129673 0.0
1013.00359077 173.334330271 0.0
1013.00359077 171.347575304 0.0
1013.00359077 170.354197821 0.0
1013.00359077 168.335398419 0.0
1013.00359077 167.342020936 0.0
1013.00359077 166.348643452 0.0
1013.00359077 164.329844050 0.0
1013.00359077 163.336466567 0.0
1013.00359077 162.343089084 0.0
1013.00359077 160.324289682 0.0
1013.99727344 159.330912198 0.0
1013.99727344 158.337534715 0.0
1013.99727344 157.344157231 0.0
1013.99727344 156.318735313 0.0
1013.99727344 155.325357830 0.0
1013.99727344 154.331980346 0.0
1013.99727344 154.331980346 0.0
1013.99727344 153.338602863 0.0
1013.99727344 152.345225379 0.0
1013.99727344 152.345225379 0.0
1014.99095611 151.319803461 0.0
1016.07497357 151.319803461 0.0
1016.07497357 151.319803461 0.0
1017.06865624 150.326425977 0.0
1017.06865624 150.326425977 0.0
1017.06865624 150.326425977 0.0
1017.06865624 150.326425977 0.0
1017.06865624 150.326425977 0.0
1017.06865624 150.326425977 0.0
1017.06865624 150.326425977 0.0
1017.06865624 149.333048494 0.0
1017.06865624 149.333048494 0.0
1017.06865624 149.333048494 0.0
1017.06865624 149.333048494 0.0
1017.06865624 149.333048494 0.0
1017.06865624 149.333048494 0.0
1017.06865624 149.333048494 0.0
1017.06865624 149.333048494 0.0
1017.06865624 149.333048494 0.0
1017.06865624 149.333048494 0.0
1017.06865624 148.339671010 0.0
1017.06865624 148.339671010 0.0
1017.06865624 148.339671010 0.0
1017.06865624 148.339671010 0.0
1017.06865624 148.339671010 0.0
1017.06865624 147.314249092 0.0
1017.06865624 147.314249092 0.0
1017.06865624 146.320871609 0.0
1017.06865624 146.320871609 0.0
1017.06865624 145.327494125 0.0
1017.06865624 145.327494125 0.0
1017.06865624 144.334116642 0.0
1017.06865624 144.334116642 0.0
1017.06865624 144.334116642 0.0
1017.06865624 144.334116642 0.0
1017.06865624 143.308694723 0.0
1017.06865624 144.334116642 0.0
1017.06865624 144.334116642 0.0
1018.06233890 145.327494125 0.0
1018.06233890 146.320871609 0.0
#ENDStroke
#Remove 38
#Remove 29
