#Stroke 
467.753532517 233.445631275 0.0
467.753532517 233.445631275 0.0
467.753532517 233.445631275 0.0
467.753532517 234.471053194 0.0
467.753532517 235.464430677 0.0
467.753532517 236.457808161 0.0
467.753532517 238.444563128 0.0
467.753532517 241.456740013 0.0
467.753532517 243.475539415 0.0
467.753532517 246.455671865 0.0
467.753532517 250.461226234 0.0
467.753532517 254.466780602 0.0
467.753532517 259.465712455 0.0
468.747215186 265.490066225 0.0
468.747215186 272.507797479 0.0
468.747215186 280.486861782 0.0
469.740897855 287.504593036 0.0
469.740897855 296.509079257 0.0
469.740897855 305.513565477 0.0
469.740897855 315.543473617 0.0
470.734580523 326.534714805 0.0
470.734580523 337.558000427 0.0
471.728263192 349.574663533 0.0
472.721945860 361.591326640 0.0
472.721945860 374.601367229 0.0
473.715628529 386.618030335 0.0
474.709311197 399.628070925 0.0
474.709311197 411.612689596 0.0
475.702993866 424.654774621 0.0
476.696676534 436.639393292 0.0
476.696676534 448.656056398 0.0
477.690359203 461.666096988 0.0
478.684041871 473.682760094 0.0
478.684041871 485.699423200 0.0
479.677724540 497.716086306 0.0
480.671407208 508.707327494 0.0
480.671407208 519.730613117 0.0
481.755424665 529.728476821 0.0
481.755424665 539.758384960 0.0
481.755424665 547.769493698 0.0
482.749107334 556.773979919 0.0
482.749107334 563.759666738 0.0
483.742790002 571.770775475 0.0
483.742790002 577.795129246 0.0
483.742790002 583.787438582 0.0
483.742790002 588.786370434 0.0
483.742790002 593.817346721 0.0
483.742790002 597.822901090 0.0
483.742790002 601.796411023 0.0
483.742790002 604.808587909 0.0
483.742790002 607.820764794 0.0
482.749107334 609.807519761 0.0
482.749107334 610.832941679 0.0
482.749107334 611.826319163 0.0
481.755424665 612.819696646 0.0
481.755424665 613.813074129 0.0
480.671407208 613.813074129 0.0
479.677724540 613.813074129 0.0
478.684041871 612.819696646 0.0
476.696676534 610.832941679 0.0
475.702993866 608.814142277 0.0
473.715628529 606.827387310 0.0
471.728263192 603.815210425 0.0
469.740897855 600.803033540 0.0
468.747215186 598.816278573 0.0
467.753532517 596.797479171 0.0
466.669515061 595.804101688 0.0
465.675832392 595.804101688 0.0
465.675832392 595.804101688 0.0
465.675832392 595.804101688 0.0
465.675832392 596.797479171 0.0
466.669515061 598.816278573 0.0
467.753532517 601.796411023 0.0
468.747215186 604.808587909 0.0
469.740897855 607.820764794 0.0
471.728263192 610.832941679 0.0
472.721945860 613.813074129 0.0
473.715628529 615.831873531 0.0
475.702993866 617.818628498 0.0
476.696676534 619.837427900 0.0
478.684041871 620.830805383 0.0
479.677724540 621.824182867 0.0
480.671407208 622.817560350 0.0
482.749107334 622.817560350 0.0
483.742790002 622.817560350 0.0
484.736472671 620.830805383 0.0
486.723838008 618.844050417 0.0
487.717520676 616.825251015 0.0
488.711203345 613.813074129 0.0
489.704886013 609.807519761 0.0
490.698568682 605.801965392 0.0
490.698568682 602.821832942 0.0
491.692251350 599.809656056 0.0
491.692251350 596.797479171 0.0
492.685934019 594.810724204 0.0
492.685934019 592.791924802 0.0
#ENDStroke
#Stroke 
469.740897855 220.435590686 0.0
470.734580523 220.435590686 0.0
471.728263192 220.435590686 0.0
472.721945860 220.435590686 0.0
473.715628529 220.435590686 0.0
474.709311197 220.435590686 0.0
475.702993866 221.428968169 0.0
477.690359203 221.428968169 0.0
479.677724540 221.428968169 0.0
482.749107334 221.428968169 0.0
484.736472671 221.428968169 0.0
487.717520676 222.454390088 0.0
490.698568682 222.454390088 0.0
494.763634144 222.454390088 0.0
498.738364818 222.454390088 0.0
501.719412824 222.454390088 0.0
506.687826167 222.454390088 0.0
510.752891629 222.454390088 0.0
514.727622303 222.454390088 0.0
519.696035646 221.428968169 0.0
525.748466445 221.428968169 0.0
531.710562456 221.428968169 0.0
537.762993255 221.428968169 0.0
544.718771935 221.428968169 0.0
551.764885403 221.428968169 0.0
558.720664083 221.428968169 0.0
564.773094882 220.435590686 0.0
571.728873562 219.442213202 0.0
579.768669698 219.442213202 0.0
587.718131046 218.448835719 0.0
595.757927183 217.455458235 0.0
603.797723319 216.430036317 0.0
610.753501999 215.436658834 0.0
618.793298135 214.443281350 0.0
627.736442152 213.449903867 0.0
636.769920957 212.424481948 0.0
645.803399762 211.431104465 0.0
653.752861110 210.437726981 0.0
662.786339915 209.444349498 0.0
671.819818720 209.444349498 0.0
679.769280068 207.425550096 0.0
688.802758873 206.432172613 0.0
697.836237678 205.438795129 0.0
705.785699026 204.413373211 0.0
714.819177831 203.419995727 0.0
722.768639180 203.419995727 0.0
731.802117985 202.426618244 0.0
739.841914121 201.433240761 0.0
748.785058138 200.407818842 0.0
756.824854274 199.414441359 0.0
763.780632954 199.414441359 0.0
771.820429090 199.414441359 0.0
779.860225227 198.421063875 0.0
786.816003906 198.421063875 0.0
794.855800043 198.421063875 0.0
801.811578722 198.421063875 0.0
807.864009522 198.421063875 0.0
813.826105533 198.421063875 0.0
818.794518876 197.427686392 0.0
824.846949675 197.427686392 0.0
829.815363018 197.427686392 0.0
834.874111148 197.427686392 0.0
838.848841823 197.427686392 0.0
842.823572497 197.427686392 0.0
845.804620502 197.427686392 0.0
848.876003296 197.427686392 0.0
850.863368633 197.427686392 0.0
851.857051302 197.427686392 0.0
851.857051302 197.427686392 0.0
851.857051302 197.427686392 0.0
851.857051302 197.427686392 0.0
851.857051302 197.427686392 0.0
850.863368633 198.421063875 0.0
848.876003296 198.421063875 0.0
846.888637959 199.414441359 0.0
843.817255165 200.407818842 0.0
840.836207160 202.426618244 0.0
837.855159154 203.419995727 0.0
833.880428480 205.438795129 0.0
830.809045686 206.432172613 0.0
826.834315012 208.418927580 0.0
824.846949675 209.444349498 0.0
821.865901669 211.431104465 0.0
820.872219001 212.424481948 0.0
819.878536332 213.449903867 0.0
818.794518876 213.449903867 0.0
818.794518876 213.449903867 0.0
818.794518876 214.443281350 0.0
819.878536332 214.443281350 0.0
821.865901669 214.443281350 0.0
822.859584338 214.443281350 0.0
824.846949675 213.449903867 0.0
827.827997681 213.449903867 0.0
829.815363018 212.424481948 0.0
832.796411023 212.424481948 0.0
835.867793817 211.431104465 0.0
838.848841823 211.431104465 0.0
841.829889828 210.437726981 0.0
844.810937834 209.444349498 0.0
847.882320627 209.444349498 0.0
849.869685965 208.418927580 0.0
851.857051302 208.418927580 0.0
852.850733970 208.418927580 0.0
854.838099307 207.425550096 0.0
855.831781976 207.425550096 0.0
856.825464644 206.432172613 0.0
856.825464644 205.438795129 0.0
856.825464644 204.413373211 0.0
856.825464644 204.413373211 0.0
856.825464644 203.419995727 0.0
856.825464644 202.426618244 0.0
856.825464644 202.426618244 0.0
855.831781976 201.433240761 0.0
855.831781976 200.407818842 0.0
854.838099307 199.414441359 0.0
852.850733970 198.421063875 0.0
851.857051302 197.427686392 0.0
849.869685965 195.408886990 0.0
846.888637959 194.415509507 0.0
843.817255165 192.428754540 0.0
839.842524491 190.409955138 0.0
835.867793817 187.397778253 0.0
831.802728355 185.411023286 0.0
827.827997681 183.392223884 0.0
824.846949675 181.405468917 0.0
#ENDStroke
#Stroke 
346.704916532 398.602649007 0.0
346.704916532 398.602649007 0.0
345.711233863 398.602649007 0.0
344.627216407 399.628070925 0.0
344.627216407 399.628070925 0.0
343.633533738 399.628070925 0.0
342.639851070 399.628070925 0.0
340.652485733 400.621448408 0.0
339.658803064 400.621448408 0.0
337.671437727 400.621448408 0.0
336.677755058 400.621448408 0.0
334.690389721 400.621448408 0.0
332.703024384 400.621448408 0.0
331.619006928 400.621448408 0.0
329.631641591 400.621448408 0.0
328.637958922 400.621448408 0.0
328.637958922 400.621448408 0.0
327.644276254 400.621448408 0.0
327.644276254 400.621448408 0.0
327.644276254 400.621448408 0.0
327.644276254 400.621448408 0.0
327.644276254 400.621448408 0.0
327.644276254 400.621448408 0.0
328.637958922 400.621448408 0.0
328.637958922 399.628070925 0.0
329.631641591 398.602649007 0.0
330.625324259 398.602649007 0.0
331.619006928 397.609271523 0.0
332.703024384 396.615894040 0.0
332.703024384 394.597094638 0.0
333.696707053 392.610339671 0.0
333.696707053 390.623584704 0.0
333.696707053 388.604785302 0.0
334.690389721 385.592608417 0.0
334.690389721 383.605853450 0.0
334.690389721 380.593676565 0.0
334.690389721 378.606921598 0.0
333.696707053 375.594744713 0.0
333.696707053 373.575945311 0.0
332.703024384 371.589190344 0.0
332.703024384 370.595812861 0.0
332.703024384 369.602435377 0.0
332.703024384 369.602435377 0.0
332.703024384 369.602435377 0.0
332.703024384 368.577013459 0.0
332.703024384 368.577013459 0.0
332.703024384 368.577013459 0.0
333.696707053 368.577013459 0.0
333.696707053 368.577013459 0.0
334.690389721 367.583635975 0.0
335.684072390 367.583635975 0.0
337.671437727 367.583635975 0.0
338.665120396 367.583635975 0.0
340.652485733 366.590258492 0.0
342.639851070 366.590258492 0.0
345.711233863 367.583635975 0.0
347.698599200 367.583635975 0.0
349.685964537 367.583635975 0.0
350.679647206 367.583635975 0.0
351.673329875 367.583635975 0.0
352.667012543 367.583635975 0.0
353.660695212 367.583635975 0.0
353.660695212 366.590258492 0.0
#ENDStroke
#Stroke 
335.684072390 379.600299081 0.0
335.684072390 379.600299081 0.0
335.684072390 379.600299081 0.0
335.684072390 379.600299081 0.0
335.684072390 379.600299081 0.0
335.684072390 379.600299081 0.0
335.684072390 379.600299081 0.0
335.684072390 379.600299081 0.0
336.677755058 380.593676565 0.0
336.677755058 380.593676565 0.0
337.671437727 380.593676565 0.0
338.665120396 380.593676565 0.0
340.652485733 380.593676565 0.0
341.646168401 380.593676565 0.0
342.639851070 380.593676565 0.0
343.633533738 380.593676565 0.0
345.711233863 380.593676565 0.0
346.704916532 380.593676565 0.0
#ENDStroke
#Stroke 
369.649952696 382.612475967 0.0
369.649952696 382.612475967 0.0
369.649952696 382.612475967 0.0
368.656270028 383.605853450 0.0
368.656270028 383.605853450 0.0
368.656270028 383.605853450 0.0
367.662587359 383.605853450 0.0
366.668904691 383.605853450 0.0
366.668904691 383.605853450 0.0
365.675222022 382.612475967 0.0
364.681539354 382.612475967 0.0
363.687856685 381.587054048 0.0
362.694174017 380.593676565 0.0
362.694174017 379.600299081 0.0
361.700491348 379.600299081 0.0
361.700491348 378.606921598 0.0
361.700491348 378.606921598 0.0
361.700491348 378.606921598 0.0
362.694174017 377.581499680 0.0
362.694174017 377.581499680 0.0
363.687856685 377.581499680 0.0
364.681539354 377.581499680 0.0
365.675222022 377.581499680 0.0
366.668904691 377.581499680 0.0
367.662587359 377.581499680 0.0
368.656270028 377.581499680 0.0
369.649952696 377.581499680 0.0
370.643635365 377.581499680 0.0
371.637318033 377.581499680 0.0
371.637318033 377.581499680 0.0
372.721335490 376.588122196 0.0
373.715018159 376.588122196 0.0
373.715018159 376.588122196 0.0
374.708700827 375.594744713 0.0
374.708700827 375.594744713 0.0
374.708700827 374.601367229 0.0
374.708700827 374.601367229 0.0
374.708700827 373.575945311 0.0
373.715018159 373.575945311 0.0
373.715018159 372.582567827 0.0
372.721335490 372.582567827 0.0
371.637318033 371.589190344 0.0
370.643635365 371.589190344 0.0
369.649952696 370.595812861 0.0
367.662587359 370.595812861 0.0
365.675222022 369.602435377 0.0
364.681539354 369.602435377 0.0
#ENDStroke
#Stroke 
384.645527512 407.639179662 0.0
384.645527512 406.613757744 0.0
384.645527512 406.613757744 0.0
384.645527512 406.613757744 0.0
384.645527512 405.620380261 0.0
384.645527512 405.620380261 0.0
384.645527512 404.627002777 0.0
384.645527512 403.633625294 0.0
384.645527512 402.608203375 0.0
384.645527512 401.614825892 0.0
384.645527512 400.621448408 0.0
385.639210181 398.602649007 0.0
385.639210181 397.609271523 0.0
385.639210181 395.622516556 0.0
385.639210181 393.603717154 0.0
385.639210181 391.616962188 0.0
385.639210181 390.623584704 0.0
385.639210181 388.604785302 0.0
385.639210181 386.618030335 0.0
385.639210181 384.599230934 0.0
385.639210181 382.612475967 0.0
385.639210181 380.593676565 0.0
384.645527512 378.606921598 0.0
384.645527512 376.588122196 0.0
384.645527512 375.594744713 0.0
384.645527512 374.601367229 0.0
385.639210181 373.575945311 0.0
385.639210181 372.582567827 0.0
385.639210181 371.589190344 0.0
385.639210181 370.595812861 0.0
386.723227638 370.595812861 0.0
386.723227638 369.602435377 0.0
387.716910306 369.602435377 0.0
387.716910306 369.602435377 0.0
388.710592975 368.577013459 0.0
389.704275643 368.577013459 0.0
389.704275643 368.577013459 0.0
390.697958312 368.577013459 0.0
391.691640980 368.577013459 0.0
392.685323649 369.602435377 0.0
393.679006317 369.602435377 0.0
394.672688986 370.595812861 0.0
394.672688986 371.589190344 0.0
395.666371654 371.589190344 0.0
#ENDStroke
#Stroke 
379.677114170 386.618030335 0.0
378.683431501 386.618030335 0.0
378.683431501 386.618030335 0.0
378.683431501 386.618030335 0.0
379.677114170 385.592608417 0.0
380.670796838 385.592608417 0.0
381.664479507 385.592608417 0.0
383.651844844 384.599230934 0.0
385.639210181 384.599230934 0.0
387.716910306 383.605853450 0.0
388.710592975 383.605853450 0.0
390.697958312 383.605853450 0.0
392.685323649 383.605853450 0.0
393.679006317 383.605853450 0.0
#ENDStroke
#Stroke 
667.754753258 119.335398419 0.0
667.754753258 120.360820338 0.0
667.754753258 120.360820338 0.0
667.754753258 120.360820338 0.0
667.754753258 120.360820338 0.0
667.754753258 120.360820338 0.0
667.754753258 120.360820338 0.0
667.754753258 120.360820338 0.0
667.754753258 120.360820338 0.0
667.754753258 120.360820338 0.0
667.754753258 120.360820338 0.0
667.754753258 120.360820338 0.0
667.754753258 120.360820338 0.0
667.754753258 120.360820338 0.0
667.754753258 120.360820338 0.0
667.754753258 120.360820338 0.0
667.754753258 120.360820338 0.0
667.754753258 120.360820338 0.0
667.754753258 120.360820338 0.0
667.754753258 120.360820338 0.0
667.754753258 121.354197821 0.0
668.748435926 123.340952788 0.0
668.748435926 125.359752190 0.0
669.742118595 127.346507157 0.0
669.742118595 129.365306558 0.0
670.826136052 132.345439009 0.0
670.826136052 134.364238411 0.0
671.819818720 137.376415296 0.0
671.819818720 139.363170263 0.0
672.813501389 141.381969665 0.0
672.813501389 142.375347148 0.0
672.813501389 144.362102115 0.0
673.807184057 145.355479598 0.0
673.807184057 147.374279000 0.0
673.807184057 147.374279000 0.0
674.800866726 148.367656484 0.0
674.800866726 148.367656484 0.0
674.800866726 148.367656484 0.0
675.794549394 148.367656484 0.0
675.794549394 147.374279000 0.0
676.788232063 146.380901517 0.0
676.788232063 145.355479598 0.0
677.781914731 143.368724631 0.0
678.775597400 141.381969665 0.0
678.775597400 139.363170263 0.0
679.769280068 137.376415296 0.0
680.762962737 135.357615894 0.0
680.762962737 134.364238411 0.0
681.756645405 132.345439009 0.0
681.756645405 130.358684042 0.0
682.750328074 129.365306558 0.0
682.750328074 128.339884640 0.0
682.750328074 128.339884640 0.0
683.744010743 127.346507157 0.0
683.744010743 126.353129673 0.0
683.744010743 126.353129673 0.0
683.744010743 126.353129673 0.0
683.744010743 125.359752190 0.0
683.744010743 125.359752190 0.0
683.744010743 125.359752190 0.0
683.744010743 125.359752190 0.0
683.744010743 124.334330271 0.0
684.828028199 124.334330271 0.0
#ENDStroke
#Stroke 
672.813501389 133.370860927 0.0
672.813501389 133.370860927 0.0
671.819818720 133.370860927 0.0
671.819818720 133.370860927 0.0
671.819818720 133.370860927 0.0
670.826136052 134.364238411 0.0
670.826136052 134.364238411 0.0
670.826136052 134.364238411 0.0
670.826136052 134.364238411 0.0
670.826136052 134.364238411 0.0
670.826136052 134.364238411 0.0
670.826136052 134.364238411 0.0
670.826136052 134.364238411 0.0
670.826136052 134.364238411 0.0
670.826136052 134.364238411 0.0
671.819818720 134.364238411 0.0
672.813501389 134.364238411 0.0
673.807184057 134.364238411 0.0
675.794549394 134.364238411 0.0
676.788232063 134.364238411 0.0
677.781914731 134.364238411 0.0
678.775597400 134.364238411 0.0
679.769280068 134.364238411 0.0
680.762962737 134.364238411 0.0
680.762962737 134.364238411 0.0
#ENDStroke
#Stroke 
692.777489547 123.340952788 0.0
692.777489547 123.340952788 0.0
692.777489547 123.340952788 0.0
692.777489547 122.347575304 0.0
692.777489547 122.347575304 0.0
692.777489547 122.347575304 0.0
692.777489547 122.347575304 0.0
692.777489547 122.347575304 0.0
692.777489547 122.347575304 0.0
692.777489547 122.347575304 0.0
692.777489547 122.347575304 0.0
692.777489547 122.347575304 0.0
692.777489547 122.347575304 0.0
691.783806879 123.340952788 0.0
691.783806879 123.340952788 0.0
691.783806879 124.334330271 0.0
691.783806879 125.359752190 0.0
690.790124210 126.353129673 0.0
690.790124210 127.346507157 0.0
690.790124210 128.339884640 0.0
690.790124210 129.365306558 0.0
690.790124210 130.358684042 0.0
690.790124210 131.352061525 0.0
690.790124210 131.352061525 0.0
690.790124210 132.345439009 0.0
691.783806879 132.345439009 0.0
691.783806879 133.370860927 0.0
692.777489547 134.364238411 0.0
694.764854884 134.364238411 0.0
695.758537553 134.364238411 0.0
697.836237678 134.364238411 0.0
699.823603015 134.364238411 0.0
700.817285684 134.364238411 0.0
702.804651021 133.370860927 0.0
#ENDStroke
#Stroke 
710.754112369 127.346507157 0.0
710.754112369 127.346507157 0.0
710.754112369 127.346507157 0.0
711.838129826 127.346507157 0.0
711.838129826 127.346507157 0.0
711.838129826 127.346507157 0.0
712.831812494 127.346507157 0.0
713.825495163 127.346507157 0.0
714.819177831 127.346507157 0.0
715.812860500 127.346507157 0.0
716.806543168 127.346507157 0.0
717.800225837 127.346507157 0.0
718.793908506 127.346507157 0.0
719.787591174 128.339884640 0.0
720.781273843 129.365306558 0.0
721.774956511 130.358684042 0.0
721.774956511 131.352061525 0.0
721.774956511 132.345439009 0.0
722.768639180 133.370860927 0.0
722.768639180 135.357615894 0.0
722.768639180 136.350993377 0.0
722.768639180 137.376415296 0.0
721.774956511 137.376415296 0.0
721.774956511 138.369792779 0.0
720.781273843 138.369792779 0.0
719.787591174 138.369792779 0.0
718.793908506 139.363170263 0.0
717.800225837 139.363170263 0.0
717.800225837 139.363170263 0.0
716.806543168 139.363170263 0.0
715.812860500 138.369792779 0.0
714.819177831 138.369792779 0.0
714.819177831 137.376415296 0.0
713.825495163 137.376415296 0.0
712.831812494 136.350993377 0.0
712.831812494 135.357615894 0.0
711.838129826 134.364238411 0.0
711.838129826 132.345439009 0.0
711.838129826 130.358684042 0.0
711.838129826 128.339884640 0.0
711.838129826 126.353129673 0.0
711.838129826 124.334330271 0.0
712.831812494 123.340952788 0.0
713.825495163 122.347575304 0.0
713.825495163 120.360820338 0.0
714.819177831 119.335398419 0.0
715.812860500 119.335398419 0.0
716.806543168 118.342020936 0.0
717.800225837 118.342020936 0.0
719.787591174 118.342020936 0.0
720.781273843 119.335398419 0.0
722.768639180 120.360820338 0.0
723.762321848 121.354197821 0.0
724.846339305 122.347575304 0.0
725.840021973 123.340952788 0.0
#ENDStroke
#Stroke 
743.816644795 133.370860927 0.0
743.816644795 133.370860927 0.0
743.816644795 133.370860927 0.0
742.822962127 134.364238411 0.0
742.822962127 134.364238411 0.0
742.822962127 134.364238411 0.0
742.822962127 134.364238411 0.0
741.829279458 134.364238411 0.0
741.829279458 135.357615894 0.0
740.835596789 135.357615894 0.0
739.841914121 135.357615894 0.0
739.841914121 134.364238411 0.0
738.848231452 134.364238411 0.0
737.764213996 133.370860927 0.0
736.770531327 132.345439009 0.0
735.776848659 131.352061525 0.0
735.776848659 129.365306558 0.0
734.783165990 127.346507157 0.0
734.783165990 125.359752190 0.0
734.783165990 123.340952788 0.0
734.783165990 121.354197821 0.0
735.776848659 120.360820338 0.0
735.776848659 120.360820338 0.0
736.770531327 119.335398419 0.0
737.764213996 119.335398419 0.0
738.848231452 120.360820338 0.0
738.848231452 121.354197821 0.0
739.841914121 122.347575304 0.0
740.835596789 124.334330271 0.0
740.835596789 125.359752190 0.0
741.829279458 127.346507157 0.0
741.829279458 128.339884640 0.0
741.829279458 129.365306558 0.0
741.829279458 130.358684042 0.0
741.829279458 131.352061525 0.0
741.829279458 132.345439009 0.0
741.829279458 132.345439009 0.0
741.829279458 132.345439009 0.0
741.829279458 132.345439009 0.0
742.822962127 131.352061525 0.0
742.822962127 130.358684042 0.0
742.822962127 129.365306558 0.0
742.822962127 127.346507157 0.0
743.816644795 125.359752190 0.0
743.816644795 123.340952788 0.0
744.810327464 121.354197821 0.0
744.810327464 120.360820338 0.0
745.804010132 118.342020936 0.0
746.797692801 117.348643452 0.0
746.797692801 116.355265969 0.0
747.791375469 116.355265969 0.0
748.785058138 115.329844050 0.0
#ENDStroke
#Stroke 
914.910733360 603.815210425 0.0
914.910733360 603.815210425 0.0
914.910733360 603.815210425 0.0
913.826715903 603.815210425 0.0
913.826715903 604.808587909 0.0
913.826715903 604.808587909 0.0
913.826715903 604.808587909 0.0
913.826715903 605.801965392 0.0
913.826715903 605.801965392 0.0
913.826715903 606.827387310 0.0
913.826715903 606.827387310 0.0
913.826715903 606.827387310 0.0
913.826715903 607.820764794 0.0
912.833033235 607.820764794 0.0
912.833033235 607.820764794 0.0
911.839350566 608.814142277 0.0
911.839350566 608.814142277 0.0
910.845667898 607.820764794 0.0
909.851985229 606.827387310 0.0
908.858302561 605.801965392 0.0
907.864619892 604.808587909 0.0
907.864619892 602.821832942 0.0
906.870937223 601.796411023 0.0
906.870937223 599.809656056 0.0
906.870937223 598.816278573 0.0
906.870937223 597.822901090 0.0
906.870937223 597.822901090 0.0
907.864619892 596.797479171 0.0
907.864619892 596.797479171 0.0
908.858302561 597.822901090 0.0
909.851985229 597.822901090 0.0
910.845667898 598.816278573 0.0
910.845667898 599.809656056 0.0
911.839350566 600.803033540 0.0
912.833033235 600.803033540 0.0
912.833033235 601.796411023 0.0
912.833033235 602.821832942 0.0
912.833033235 602.821832942 0.0
912.833033235 602.821832942 0.0
912.833033235 603.815210425 0.0
912.833033235 603.815210425 0.0
912.833033235 603.815210425 0.0
912.833033235 603.815210425 0.0
912.833033235 603.815210425 0.0
912.833033235 603.815210425 0.0
912.833033235 602.821832942 0.0
912.833033235 602.821832942 0.0
912.833033235 601.796411023 0.0
912.833033235 600.803033540 0.0
912.833033235 599.809656056 0.0
913.826715903 598.816278573 0.0
913.826715903 597.822901090 0.0
913.826715903 596.797479171 0.0
914.910733360 596.797479171 0.0
914.910733360 595.804101688 0.0
915.904416028 594.810724204 0.0
915.904416028 594.810724204 0.0
915.904416028 593.817346721 0.0
916.898098697 593.817346721 0.0
916.898098697 593.817346721 0.0
916.898098697 593.817346721 0.0
916.898098697 593.817346721 0.0
916.898098697 592.791924802 0.0
916.898098697 592.791924802 0.0
916.898098697 592.791924802 0.0
916.898098697 592.791924802 0.0
916.898098697 592.791924802 0.0
916.898098697 592.791924802 0.0
916.898098697 592.791924802 0.0
916.898098697 592.791924802 0.0
916.898098697 592.791924802 0.0
916.898098697 592.791924802 0.0
917.891781365 592.791924802 0.0
917.891781365 592.791924802 0.0
917.891781365 592.791924802 0.0
917.891781365 592.791924802 0.0
917.891781365 592.791924802 0.0
918.885464034 592.791924802 0.0
918.885464034 592.791924802 0.0
918.885464034 592.791924802 0.0
918.885464034 592.791924802 0.0
918.885464034 592.791924802 0.0
919.879146702 593.817346721 0.0
919.879146702 593.817346721 0.0
919.879146702 594.810724204 0.0
920.872829371 595.804101688 0.0
920.872829371 596.797479171 0.0
921.866512040 597.822901090 0.0
921.866512040 598.816278573 0.0
922.860194708 599.809656056 0.0
922.860194708 600.803033540 0.0
922.860194708 601.796411023 0.0
922.860194708 601.796411023 0.0
923.853877377 602.821832942 0.0
923.853877377 602.821832942 0.0
923.853877377 602.821832942 0.0
923.853877377 603.815210425 0.0
923.853877377 603.815210425 0.0
923.853877377 603.815210425 0.0
922.860194708 604.808587909 0.0
922.860194708 604.808587909 0.0
922.860194708 604.808587909 0.0
922.860194708 604.808587909 0.0
922.860194708 604.808587909 0.0
922.860194708 604.808587909 0.0
922.860194708 604.808587909 0.0
922.860194708 604.808587909 0.0
922.860194708 604.808587909 0.0
922.860194708 604.808587909 0.0
922.860194708 604.808587909 0.0
922.860194708 604.808587909 0.0
922.860194708 604.808587909 0.0
922.860194708 604.808587909 0.0
923.853877377 604.808587909 0.0
923.853877377 604.808587909 0.0
923.853877377 604.808587909 0.0
923.853877377 604.808587909 0.0
923.853877377 604.808587909 0.0
923.853877377 604.808587909 0.0
923.853877377 604.808587909 0.0
923.853877377 604.808587909 0.0
924.847560045 604.808587909 0.0
925.841242714 604.808587909 0.0
925.841242714 603.815210425 0.0
926.834925382 603.815210425 0.0
926.834925382 603.815210425 0.0
927.918942839 602.821832942 0.0
927.918942839 602.821832942 0.0
927.918942839 602.821832942 0.0
928.912625507 602.821832942 0.0
928.912625507 602.821832942 0.0
928.912625507 602.821832942 0.0
928.912625507 602.821832942 0.0
927.918942839 602.821832942 0.0
927.918942839 602.821832942 0.0
927.918942839 602.821832942 0.0
927.918942839 602.821832942 0.0
927.918942839 602.821832942 0.0
926.834925382 602.821832942 0.0
926.834925382 602.821832942 0.0
926.834925382 602.821832942 0.0
925.841242714 601.796411023 0.0
925.841242714 601.796411023 0.0
925.841242714 600.803033540 0.0
924.847560045 599.809656056 0.0
924.847560045 599.809656056 0.0
923.853877377 598.816278573 0.0
923.853877377 597.822901090 0.0
922.860194708 596.797479171 0.0
922.860194708 596.797479171 0.0
922.860194708 595.804101688 0.0
922.860194708 594.810724204 0.0
922.860194708 593.817346721 0.0
922.860194708 593.817346721 0.0
922.860194708 592.791924802 0.0
923.853877377 591.798547319 0.0
923.853877377 591.798547319 0.0
924.847560045 590.805169836 0.0
925.841242714 590.805169836 0.0
925.841242714 590.805169836 0.0
926.834925382 590.805169836 0.0
926.834925382 590.805169836 0.0
927.918942839 591.798547319 0.0
927.918942839 591.798547319 0.0
928.912625507 592.791924802 0.0
929.906308176 592.791924802 0.0
929.906308176 593.817346721 0.0
930.899990844 594.810724204 0.0
930.899990844 595.804101688 0.0
931.893673513 596.797479171 0.0
931.893673513 597.822901090 0.0
932.887356182 598.816278573 0.0
932.887356182 599.809656056 0.0
932.887356182 600.803033540 0.0
933.881038850 600.803033540 0.0
933.881038850 601.796411023 0.0
933.881038850 601.796411023 0.0
933.881038850 602.821832942 0.0
933.881038850 602.821832942 0.0
933.881038850 602.821832942 0.0
933.881038850 602.821832942 0.0
933.881038850 602.821832942 0.0
932.887356182 602.821832942 0.0
932.887356182 601.796411023 0.0
931.893673513 601.796411023 0.0
931.893673513 600.803033540 0.0
930.899990844 599.809656056 0.0
930.899990844 599.809656056 0.0
930.899990844 598.816278573 0.0
929.906308176 597.822901090 0.0
929.906308176 596.797479171 0.0
929.906308176 596.797479171 0.0
929.906308176 595.804101688 0.0
929.906308176 594.810724204 0.0
930.899990844 593.817346721 0.0
931.893673513 593.817346721 0.0
932.887356182 592.791924802 0.0
933.881038850 592.791924802 0.0
934.874721519 592.791924802 0.0
935.868404187 592.791924802 0.0
937.855769524 593.817346721 0.0
938.849452193 593.817346721 0.0
940.836817530 594.810724204 0.0
941.920834986 595.804101688 0.0
943.908200323 597.822901090 0.0
945.895565661 598.816278573 0.0
946.889248329 599.809656056 0.0
948.876613666 601.796411023 0.0
949.870296335 602.821832942 0.0
950.863979003 603.815210425 0.0
951.857661672 603.815210425 0.0
952.851344340 604.808587909 0.0
952.851344340 604.808587909 0.0
953.845027009 605.801965392 0.0
953.845027009 605.801965392 0.0
953.845027009 605.801965392 0.0
953.845027009 605.801965392 0.0
953.845027009 604.808587909 0.0
953.845027009 604.808587909 0.0
952.851344340 604.808587909 0.0
952.851344340 604.808587909 0.0
952.851344340 604.808587909 0.0
951.857661672 604.808587909 0.0
951.857661672 603.815210425 0.0
951.857661672 603.815210425 0.0
950.863979003 603.815210425 0.0
950.863979003 603.815210425 0.0
949.870296335 603.815210425 0.0
949.870296335 603.815210425 0.0
948.876613666 602.821832942 0.0
947.882930998 601.796411023 0.0
946.889248329 601.796411023 0.0
945.895565661 600.803033540 0.0
945.895565661 599.809656056 0.0
944.901882992 598.816278573 0.0
943.908200323 597.822901090 0.0
943.908200323 596.797479171 0.0
942.914517655 596.797479171 0.0
942.914517655 596.797479171 0.0
942.914517655 596.797479171 0.0
943.908200323 595.804101688 0.0
944.901882992 595.804101688 0.0
944.901882992 595.804101688 0.0
945.895565661 595.804101688 0.0
946.889248329 595.804101688 0.0
947.882930998 596.797479171 0.0
948.876613666 596.797479171 0.0
949.870296335 597.822901090 0.0
950.863979003 597.822901090 0.0
950.863979003 598.816278573 0.0
951.857661672 598.816278573 0.0
951.857661672 599.809656056 0.0
951.857661672 600.803033540 0.0
951.857661672 600.803033540 0.0
951.857661672 600.803033540 0.0
951.857661672 601.796411023 0.0
951.857661672 601.796411023 0.0
951.857661672 601.796411023 0.0
951.857661672 600.803033540 0.0
951.857661672 600.803033540 0.0
952.851344340 598.816278573 0.0
952.851344340 597.822901090 0.0
953.845027009 595.804101688 0.0
954.929044465 594.810724204 0.0
956.916409803 592.791924802 0.0
958.903775140 591.798547319 0.0
960.891140477 590.805169836 0.0
961.884823145 590.805169836 0.0
963.872188482 590.805169836 0.0
#ENDStroke
#Stroke 
622.768028809 201.433240761 0.0
622.768028809 201.433240761 0.0
622.768028809 201.433240761 0.0
622.768028809 201.433240761 0.0
622.768028809 201.433240761 0.0
622.768028809 202.426618244 0.0
622.768028809 203.419995727 0.0
622.768028809 205.438795129 0.0
622.768028809 206.432172613 0.0
622.768028809 209.444349498 0.0
623.761711478 212.424481948 0.0
623.761711478 215.436658834 0.0
624.755394147 218.448835719 0.0
625.749076815 222.454390088 0.0
626.742759484 225.434522538 0.0
626.742759484 227.453321940 0.0
627.736442152 229.440076907 0.0
628.730124821 231.458876308 0.0
629.814142277 232.452253792 0.0
629.814142277 233.445631275 0.0
629.814142277 233.445631275 0.0
629.814142277 233.445631275 0.0
630.807824946 233.445631275 0.0
630.807824946 233.445631275 0.0
630.807824946 233.445631275 0.0
630.807824946 233.445631275 0.0
630.807824946 233.445631275 0.0
630.807824946 233.445631275 0.0
631.801507614 233.445631275 0.0
631.801507614 233.445631275 0.0
632.795190283 233.445631275 0.0
633.788872951 233.445631275 0.0
635.776238289 233.445631275 0.0
636.769920957 233.445631275 0.0
638.757286294 233.445631275 0.0
640.744651631 234.471053194 0.0
642.732016968 234.471053194 0.0
644.809717093 234.471053194 0.0
645.803399762 234.471053194 0.0
647.790765099 235.464430677 0.0
648.784447768 235.464430677 0.0
649.778130436 235.464430677 0.0
649.778130436 235.464430677 0.0
650.771813105 235.464430677 0.0
650.771813105 235.464430677 0.0
650.771813105 235.464430677 0.0
650.771813105 234.471053194 0.0
650.771813105 234.471053194 0.0
649.778130436 233.445631275 0.0
649.778130436 232.452253792 0.0
649.778130436 230.465498825 0.0
649.778130436 228.446699423 0.0
649.778130436 225.434522538 0.0
649.778130436 222.454390088 0.0
649.778130436 217.455458235 0.0
650.771813105 212.424481948 0.0
650.771813105 206.432172613 0.0
650.771813105 201.433240761 0.0
650.771813105 196.434308908 0.0
651.765495773 193.422132023 0.0
651.765495773 190.409955138 0.0
#ENDStroke
#Stroke 
1013.99727344 616.765221107 0.0
1013.99727344 617.790643025 0.0
1013.99727344 617.790643025 0.0
1013.99727344 618.784020508 0.0
1013.00359077 618.784020508 0.0
1013.00359077 618.784020508 0.0
1013.00359077 618.784020508 0.0
1013.00359077 619.777397992 0.0
1013.00359077 619.777397992 0.0
1013.00359077 619.777397992 0.0
1012.00990810 619.777397992 0.0
1012.00990810 619.777397992 0.0
1012.00990810 619.777397992 0.0
1012.00990810 619.777397992 0.0
1012.00990810 619.777397992 0.0
1012.00990810 619.777397992 0.0
1012.00990810 619.777397992 0.0
1012.00990810 619.777397992 0.0
1012.00990810 619.777397992 0.0
1011.01622544 619.777397992 0.0
1011.01622544 619.777397992 0.0
1011.01622544 618.784020508 0.0
1011.01622544 617.790643025 0.0
1010.02254277 616.765221107 0.0
1010.02254277 615.771843623 0.0
1010.02254277 614.778466140 0.0
1010.02254277 613.785088656 0.0
1010.02254277 612.759666738 0.0
1009.02886010 611.766289254 0.0
1009.02886010 609.779534288 0.0
1009.02886010 608.786156804 0.0
1009.02886010 606.767357402 0.0
1009.02886010 605.773979919 0.0
1009.02886010 603.755180517 0.0
1008.03517743 601.768425550 0.0
1008.03517743 599.749626148 0.0
1008.03517743 596.769493698 0.0
1008.03517743 594.750694296 0.0
1007.04149476 591.770561846 0.0
1007.04149476 588.758384960 0.0
1006.04781209 586.739585559 0.0
1006.04781209 583.759453108 0.0
1006.04781209 580.747276223 0.0
1005.05412942 578.728476821 0.0
1005.05412942 575.748344371 0.0
1005.05412942 572.736167486 0.0
1005.05412942 569.723990600 0.0
1005.05412942 566.743858150 0.0
1005.05412942 563.731681265 0.0
1005.05412942 559.726126896 0.0
1005.05412942 556.713950011 0.0
1005.05412942 553.733817560 0.0
1005.05412942 549.728263192 0.0
1005.05412942 546.716086306 0.0
1005.05412942 542.710531938 0.0
1005.05412942 539.698355052 0.0
1005.05412942 535.692800684 0.0
1005.05412942 532.712668233 0.0
1006.04781209 529.700491348 0.0
1006.04781209 525.694936979 0.0
1006.04781209 522.682760094 0.0
1007.04149476 519.670583209 0.0
1007.04149476 516.690450758 0.0
1007.04149476 512.684896390 0.0
1008.03517743 508.679342021 0.0
1008.03517743 505.667165136 0.0
1008.03517743 501.661610767 0.0
1008.03517743 497.656056398 0.0
1008.03517743 492.657124546 0.0
1008.03517743 488.651570177 0.0
1008.03517743 484.646015809 0.0
1008.03517743 480.640461440 0.0
1008.03517743 477.660328990 0.0
1008.03517743 473.654774621 0.0
1008.03517743 469.649220252 0.0
1008.03517743 465.643665883 0.0
1008.03517743 461.638111515 0.0
1008.03517743 457.632557146 0.0
1008.03517743 453.627002777 0.0
1008.03517743 449.621448408 0.0
1008.03517743 445.615894040 0.0
1009.02886010 441.610339671 0.0
1009.02886010 437.604785302 0.0
1009.02886010 433.599230934 0.0
1010.02254277 429.593676565 0.0
1010.02254277 425.588122196 0.0
1011.01622544 421.582567827 0.0
1011.01622544 417.577013459 0.0
1011.01622544 414.596881008 0.0
1012.00990810 410.591326640 0.0
1012.00990810 406.585772271 0.0
1012.00990810 402.580217902 0.0
1013.00359077 398.574663533 0.0
1013.00359077 395.562486648 0.0
1013.00359077 391.556932279 0.0
1013.99727344 387.551377911 0.0
1013.99727344 384.539201025 0.0
1014.99095611 380.565691092 0.0
1016.07497357 376.560136723 0.0
1016.07497357 373.547959838 0.0
1016.07497357 369.542405469 0.0
1017.06865624 366.530228584 0.0
1017.06865624 363.550096133 0.0
1017.06865624 359.544541765 0.0
1017.06865624 356.532364879 0.0
1018.06233890 353.520187994 0.0
1018.06233890 350.508011109 0.0
1018.06233890 346.502456740 0.0
1018.06233890 343.522324290 0.0
1018.06233890 340.510147404 0.0
1018.06233890 337.497970519 0.0
1018.06233890 334.517838069 0.0
1017.06865624 330.512283700 0.0
1017.06865624 327.500106815 0.0
1017.06865624 323.494552446 0.0
1016.07497357 319.488998077 0.0
1016.07497357 315.483443709 0.0
1016.07497357 311.477889340 0.0
1014.99095611 307.472334971 0.0
1014.99095611 303.466780602 0.0
1013.99727344 300.486648152 0.0
1013.99727344 296.481093783 0.0
1013.00359077 293.468916898 0.0
1013.00359077 290.456740013 0.0
1013.00359077 286.451185644 0.0
1012.00990810 283.471053194 0.0
1012.00990810 279.465498825 0.0
1012.00990810 276.453321940 0.0
1012.00990810 273.441145054 0.0
1011.01622544 270.428968169 0.0
1011.01622544 266.455458235 0.0
1011.01622544 263.443281350 0.0
1011.01622544 260.431104465 0.0
1011.01622544 257.418927580 0.0
1010.02254277 253.413373211 0.0
1010.02254277 250.433240761 0.0
1010.02254277 247.421063875 0.0
1010.02254277 244.408886990 0.0
1010.02254277 241.428754540 0.0
1010.02254277 239.409955138 0.0
1009.02886010 236.397778253 0.0
1009.02886010 233.417645802 0.0
1009.02886010 230.405468917 0.0
1009.02886010 228.418713950 0.0
1009.02886010 225.406537065 0.0
1009.02886010 223.387737663 0.0
1009.02886010 220.407605213 0.0
1010.02254277 217.395428327 0.0
1010.02254277 214.383251442 0.0
1010.02254277 212.396496475 0.0
1010.02254277 209.384319590 0.0
1010.02254277 207.397564623 0.0
1010.02254277 204.385387738 0.0
1011.01622544 203.392010254 0.0
1011.01622544 201.373210852 0.0
1011.01622544 199.386455885 0.0
1011.01622544 197.367656484 0.0
1012.00990810 196.374279000 0.0
1012.00990810 195.380901517 0.0
1012.00990810 193.362102115 0.0
1012.00990810 192.368724631 0.0
1012.00990810 191.375347148 0.0
1012.00990810 189.356547746 0.0
1012.00990810 188.363170263 0.0
1012.00990810 186.376415296 0.0
1012.00990810 185.350993377 0.0
1012.00990810 183.364238411 0.0
1012.00990810 182.370860927 0.0
1012.00990810 180.352061525 0.0
1012.00990810 179.358684042 0.0
1012.00990810 177.339884640 0.0
1012.00990810 176.346507157 0.0
1012.00990810 175.353129673 0.0
1013.00359077 173.334330271 0.0
1013.00359077 171.347575304 0.0
1013.00359077 170.354197821 0.0
1013.00359077 168.335398419 0.0
1013.00359077 167.342020936 0.0
1013.00359077 166.348643452 0.0
1013.00359077 164.329844050 0.0
1013.00359077 163.336466567 0.0
1013.00359077 162.343089084 0.0
1013.00359077 160.324289682 0.0
1013.99727344 159.330912198 0.0
1013.99727344 158.337534715 0.0
1013.99727344 157.344157231 0.0
1013.99727344 156.318735313 0.0
1013.99727344 155.325357830 0.0
1013.99727344 154.331980346 0.0
1013.99727344 154.331980346 0.0
1013.99727344 153.338602863 0.0
1013.99727344 152.345225379 0.0
1013.99727344 152.345225379 0.0
1014.99095611 151.319803461 0.0
1016.07497357 151.319803461 0.0
1016.07497357 151.319803461 0.0
1017.06865624 150.326425977 0.0
1017.06865624 150.326425977 0.0
1017.06865624 150.326425977 0.0
1017.06865624 150.326425977 0.0
1017.06865624 150.326425977 0.0
1017.06865624 150.326425977 0.0
1017.06865624 150.326425977 0.0
1017.06865624 149.333048494 0.0
1017.06865624 149.333048494 0.0
1017.06865624 149.333048494 0.0
1017.06865624 149.333048494 0.0
1017.06865624 149.333048494 0.0
1017.06865624 149.333048494 0.0
1017.06865624 149.333048494 0.0
1017.06865624 149.333048494 0.0
1017.06865624 149.333048494 0.0
1017.06865624 149.333048494 0.0
1017.06865624 148.339671010 0.0
1017.06865624 148.339671010 0.0
1017.06865624 148.339671010 0.0
1017.06865624 148.339671010 0.0
1017.06865624 148.339671010 0.0
1017.06865624 147.314249092 0.0
1017.06865624 147.314249092 0.0
1017.06865624 146.320871609 0.0
1017.06865624 146.320871609 0.0
1017.06865624 145.327494125 0.0
1017.06865624 145.327494125 0.0
1017.06865624 144.334116642 0.0
1017.06865624 144.334116642 0.0
1017.06865624 144.334116642 0.0
1017.06865624 144.334116642 0.0
1017.06865624 143.308694723 0.0
1017.06865624 144.334116642 0.0
1017.06865624 144.334116642 0.0
1018.06233890 145.327494125 0.0
1018.06233890 146.320871609 0.0
#ENDStroke
