#Stroke 
499.732047487 289.523392438 0.0
500.725730155 288.497970519 0.0
501.719412824 288.497970519 0.0
501.719412824 288.497970519 0.0
501.719412824 288.497970519 0.0
501.719412824 289.523392438 0.0
501.719412824 290.516769921 0.0
502.713095492 291.510147404 0.0
502.713095492 292.503524888 0.0
502.713095492 294.522324290 0.0
502.713095492 297.502456740 0.0
503.706778161 300.514633625 0.0
503.706778161 304.520187994 0.0
503.706778161 307.532364879 0.0
503.706778161 312.531296731 0.0
503.706778161 316.536851100 0.0
502.713095492 322.529160436 0.0
502.713095492 327.560136723 0.0
502.713095492 333.552446059 0.0
502.713095492 340.570177313 0.0
502.713095492 347.555864132 0.0
502.713095492 355.566972869 0.0
503.706778161 363.578081606 0.0
504.700460829 371.589190344 0.0
505.694143498 380.593676565 0.0
506.687826167 389.598162786 0.0
507.681508835 398.602649007 0.0
508.765526292 407.639179662 0.0
509.759208960 416.643665883 0.0
510.752891629 425.648152104 0.0
511.746574297 435.646015809 0.0
512.740256966 444.650502029 0.0
513.733939634 454.680410169 0.0
514.727622303 463.684896390 0.0
514.727622303 473.682760094 0.0
515.721304971 483.712668233 0.0
516.714987640 493.710531938 0.0
516.714987640 503.708395642 0.0
517.708670309 513.738303781 0.0
518.702352977 522.742790002 0.0
519.696035646 530.753898740 0.0
519.696035646 538.765007477 0.0
520.689718314 546.744071780 0.0
520.689718314 553.761803034 0.0
520.689718314 560.779534288 0.0
520.689718314 567.765221107 0.0
520.689718314 573.789574877 0.0
520.689718314 579.781884213 0.0
520.689718314 585.806237983 0.0
520.689718314 590.805169836 0.0
520.689718314 594.810724204 0.0
520.689718314 598.816278573 0.0
520.689718314 601.796411023 0.0
520.689718314 604.808587909 0.0
520.689718314 606.827387310 0.0
520.689718314 608.814142277 0.0
519.696035646 609.807519761 0.0
519.696035646 610.832941679 0.0
519.696035646 611.826319163 0.0
518.702352977 612.819696646 0.0
518.702352977 612.819696646 0.0
517.708670309 612.819696646 0.0
516.714987640 611.826319163 0.0
516.714987640 610.832941679 0.0
515.721304971 609.807519761 0.0
514.727622303 608.814142277 0.0
513.733939634 605.801965392 0.0
512.740256966 603.815210425 0.0
511.746574297 600.803033540 0.0
510.752891629 598.816278573 0.0
509.759208960 596.797479171 0.0
509.759208960 596.797479171 0.0
509.759208960 596.797479171 0.0
509.759208960 596.797479171 0.0
510.752891629 598.816278573 0.0
511.746574297 599.809656056 0.0
512.740256966 602.821832942 0.0
513.733939634 605.801965392 0.0
514.727622303 608.814142277 0.0
515.721304971 610.832941679 0.0
516.714987640 613.813074129 0.0
516.714987640 615.831873531 0.0
517.708670309 617.818628498 0.0
518.702352977 618.844050417 0.0
519.696035646 619.837427900 0.0
519.696035646 619.837427900 0.0
520.689718314 619.837427900 0.0
521.773735771 619.837427900 0.0
521.773735771 618.844050417 0.0
522.767418439 618.844050417 0.0
523.761101108 616.825251015 0.0
524.754783776 614.838496048 0.0
525.748466445 611.826319163 0.0
525.748466445 608.814142277 0.0
526.742149113 605.801965392 0.0
526.742149113 602.821832942 0.0
527.735831782 600.803033540 0.0
527.735831782 598.816278573 0.0
528.729514451 596.797479171 0.0
#ENDStroke
#Stroke 
508.765526292 278.500106815 0.0
508.765526292 278.500106815 0.0
508.765526292 278.500106815 0.0
508.765526292 278.500106815 0.0
508.765526292 278.500106815 0.0
509.759208960 278.500106815 0.0
510.752891629 278.500106815 0.0
511.746574297 278.500106815 0.0
512.740256966 278.500106815 0.0
513.733939634 278.500106815 0.0
515.721304971 278.500106815 0.0
516.714987640 278.500106815 0.0
518.702352977 278.500106815 0.0
520.689718314 278.500106815 0.0
523.761101108 278.500106815 0.0
526.742149113 277.506729331 0.0
529.723197119 277.506729331 0.0
532.704245125 276.481307413 0.0
536.769310587 275.487929930 0.0
540.744041261 275.487929930 0.0
545.712454604 274.494552446 0.0
550.771202734 274.494552446 0.0
555.739616077 274.494552446 0.0
561.701712088 274.494552446 0.0
567.754142888 274.494552446 0.0
573.716238899 273.501174963 0.0
580.762352367 273.501174963 0.0
587.718131046 273.501174963 0.0
595.757927183 273.501174963 0.0
602.804040651 274.494552446 0.0
610.753501999 274.494552446 0.0
618.793298135 274.494552446 0.0
627.736442152 275.487929930 0.0
636.769920957 275.487929930 0.0
645.803399762 275.487929930 0.0
654.746543779 275.487929930 0.0
663.780022584 276.481307413 0.0
673.807184057 276.481307413 0.0
682.750328074 276.481307413 0.0
691.783806879 276.481307413 0.0
700.817285684 277.506729331 0.0
708.766747032 277.506729331 0.0
717.800225837 278.500106815 0.0
725.840021973 279.493484298 0.0
733.789483322 279.493484298 0.0
741.829279458 280.486861782 0.0
749.778740806 281.512283700 0.0
756.824854274 281.512283700 0.0
762.786950285 282.505661184 0.0
768.839381085 282.505661184 0.0
773.807794427 282.505661184 0.0
779.860225227 282.505661184 0.0
783.834955901 282.505661184 0.0
787.809686575 282.505661184 0.0
790.790734581 283.499038667 0.0
793.862117374 283.499038667 0.0
796.843165380 283.499038667 0.0
798.830530717 283.499038667 0.0
799.824213385 283.499038667 0.0
801.811578722 283.499038667 0.0
802.805261391 282.505661184 0.0
802.805261391 282.505661184 0.0
803.798944060 282.505661184 0.0
803.798944060 282.505661184 0.0
803.798944060 282.505661184 0.0
803.798944060 282.505661184 0.0
802.805261391 282.505661184 0.0
802.805261391 282.505661184 0.0
801.811578722 282.505661184 0.0
800.817896054 283.499038667 0.0
799.824213385 283.499038667 0.0
798.830530717 283.499038667 0.0
797.836848048 283.499038667 0.0
795.849482711 284.492416150 0.0
794.855800043 284.492416150 0.0
792.868434706 285.517838069 0.0
790.790734581 286.511215552 0.0
789.797051912 286.511215552 0.0
788.803369243 287.504593036 0.0
788.803369243 287.504593036 0.0
788.803369243 287.504593036 0.0
788.803369243 287.504593036 0.0
788.803369243 287.504593036 0.0
789.797051912 287.504593036 0.0
790.790734581 287.504593036 0.0
791.784417249 286.511215552 0.0
793.862117374 286.511215552 0.0
795.849482711 286.511215552 0.0
797.836848048 286.511215552 0.0
799.824213385 286.511215552 0.0
801.811578722 285.517838069 0.0
802.805261391 285.517838069 0.0
804.792626728 285.517838069 0.0
806.870326853 285.517838069 0.0
808.857692190 285.517838069 0.0
809.851374859 284.492416150 0.0
810.845057527 284.492416150 0.0
811.838740196 284.492416150 0.0
812.832422864 284.492416150 0.0
812.832422864 284.492416150 0.0
812.832422864 284.492416150 0.0
812.832422864 284.492416150 0.0
812.832422864 283.499038667 0.0
812.832422864 283.499038667 0.0
812.832422864 282.505661184 0.0
811.838740196 281.512283700 0.0
809.851374859 280.486861782 0.0
808.857692190 279.493484298 0.0
806.870326853 277.506729331 0.0
804.792626728 276.481307413 0.0
801.811578722 274.494552446 0.0
799.824213385 272.507797479 0.0
797.836848048 271.482375561 0.0
796.843165380 270.488998077 0.0
795.849482711 269.495620594 0.0
#ENDStroke
