Results_Diagram-0_Feature-BCPFeatureSet.txt
Kind	Total	Right	Pct_Right	Wrong	Pct_Wrong	
BCP_ShapeFeatureSet_Overall	1440.0	1318	91.5277777778	122	8.47222222222
Diamond	240.0	197	82.0833333333	43	17.9166666667
Triangle	240.0	223	92.9166666667	17	7.08333333333
Arrow	240.0	220	91.6666666667	20	8.33333333333
Line	240.0	236	98.3333333333	4	1.66666666667
Ellipse	240.0	219	91.25	21	8.75
Rectangle	240.0	223	92.9166666667	17	7.08333333333
ClassifyIDs:3,5,8,9,10,11,12,13,14,15,16,17,18,19,20,21,22,23,24,25
